<tf.Variable 'block2_conv1/kernel:0' shape=(3, 3, 64, 128) dtype=float32, numpy=
array([[[[-8.90296325e-03,  3.78169715e-02,  1.39756575e-02, ...,
          -6.35457635e-02,  2.83470433e-02, -5.54975234e-02],
         [-5.66543266e-03, -1.05560187e-03, -2.29203496e-02, ...,
          -1.30956469e-03,  2.52478309e-02, -2.95403805e-02],
         [-7.85139855e-03, -4.38382570e-03, -1.29586197e-02, ...,
           1.22073088e-02,  4.46309976e-04, -2.49174051e-02],
         ...,
         [-5.82487276e-03,  3.78986611e-03, -1.48562957e-02, ...,
           1.27910008e-03,  1.27594778e-02, -1.33825615e-02],
         [-1.54342148e-02,  5.62145375e-03,  3.05225104e-02, ...,
           1.61413271e-02, -4.20058556e-02, -3.35679092e-02],
         [-4.21814434e-03,  2.95577031e-02,  2.57514068e-03, ...,
          -2.59456299e-02, -1.35917868e-03, -5.85189313e-02]],

        [[-1.03394873e-02,  3.75955850e-02,  6.87777717e-03, ...,
          -5.84545359e-02,  3.90824042e-02,  3.70086096e-02],
         [ 4.86768410e-03,  4.54719039e-03, -1.62224416e-02, ...,
          -2.55017504e-02,  1.88396666e-02, -6.24489179e-03],
         [-5.31206699e-03, -1.19874987e-03, -1.11892410e-02, ...,
           1.98805016e-02, -1.90202110e-02, -3.79090838e-04],
         ...,
         [-6.00387994e-03,  7.28632743e-03, -1.53944585e-02, ...,
          -5.26854116e-03,  1.68532860e-02,  3.76290455e-03],
         [-1.78998355e-02,  1.46924695e-02,  9.51688085e-03, ...,
           1.07260697e-01,  2.80233864e-02, -1.89538375e-02],
         [-3.70884268e-03,  3.08528487e-02, -5.70769282e-03, ...,
          -3.34496573e-02, -4.65932442e-03,  1.17018344e-02]],

        [[-1.01951612e-02,  1.21747078e-02,  1.11724688e-02, ...,
           2.69737188e-02, -2.22921986e-02,  6.45900667e-02],
         [ 1.22869862e-02,  6.45142654e-03, -3.07416776e-03, ...,
          -1.61525756e-02, -2.23605409e-02,  1.09485257e-02],
         [-7.09734391e-03, -5.40411752e-03, -9.43870191e-03, ...,
          -1.52021297e-03, -2.17991360e-02, -3.77143058e-03],
         ...,
         [-5.21149486e-03,  1.03359867e-03, -7.52882753e-03, ...,
          -1.92244481e-02, -6.39424520e-03,  3.69722745e-03],
         [-1.53886806e-02, -1.34543087e-02,  5.72274020e-03, ...,
           5.47401682e-02, -6.08180426e-02, -2.23444626e-02],
         [-3.45917395e-03,  2.13373415e-02, -2.14421172e-02, ...,
          -6.91150427e-02, -1.54741071e-02,  4.44306619e-02]]],


       [[[-1.23298699e-02, -1.91225596e-02,  1.29218930e-02, ...,
           4.33554836e-02,  1.26128104e-02, -5.96396960e-02],
         [-1.31860480e-03, -9.51261446e-03, -1.85527243e-02, ...,
           2.88356710e-02,  2.38556787e-02, -4.06758748e-02],
         [-4.25214088e-03, -6.78345608e-03, -1.38743157e-02, ...,
           2.22070217e-02,  1.34524666e-02, -2.03017425e-02],
         ...,
         [-7.83586409e-03, -2.57805572e-03, -1.08931847e-02, ...,
           1.92594435e-02,  1.59353893e-02, -1.89792961e-02],
         [-1.94495711e-02, -3.60343307e-02,  6.04022592e-02, ...,
          -2.22710613e-02, -5.43530397e-02, -4.17403802e-02],
         [-4.36492451e-03, -1.08945146e-02, -3.35957273e-03, ...,
           1.72520187e-02, -1.28518986e-02, -4.72729132e-02]],

        [[-1.45433825e-02, -3.68030928e-02,  3.51226889e-02, ...,
           5.09550609e-03, -8.08145478e-02,  1.02682762e-01],
         [ 7.81208277e-03, -1.63471382e-02, -8.99212994e-03, ...,
          -3.65188569e-02, -8.37247167e-03, -7.34759448e-03],
         [-1.76124368e-03, -4.82094986e-03, -1.33856600e-02, ...,
           1.97411682e-02, -6.24130992e-03,  2.11908761e-03],
         ...,
         [-8.09418783e-03, -5.44183236e-03, -9.95591376e-03, ...,
           1.03512814e-03, -1.01502263e-03,  9.89024434e-03],
         [-2.14152560e-02, -1.22487647e-02,  4.47364189e-02, ...,
           1.18361183e-01, -1.86819024e-02,  5.11289574e-02],
         [-3.61343310e-03, -1.55030079e-02, -1.55327516e-02, ...,
           2.49069761e-02, -6.95429044e-03,  1.30494153e-02]],

        [[-1.17718522e-02, -2.43640933e-02,  2.16566566e-02, ...,
           1.52593330e-01, -1.00578181e-02,  8.74510705e-02],
         [ 1.56845041e-02, -1.70876738e-02, -1.32727087e-03, ...,
           3.55747603e-02, -4.06013057e-02,  2.82184500e-02],
         [-3.66246584e-03, -9.08438675e-03, -8.76258500e-03, ...,
          -7.32058019e-04, -1.63256414e-02,  8.90959927e-04],
         ...,
         [-6.92374213e-03, -1.25479233e-02, -7.42880348e-03, ...,
           3.50585720e-03, -2.07631718e-02,  1.39397075e-02],
         [-1.86536163e-02, -9.74296406e-03, -1.49605959e-03, ...,
          -1.41743785e-02, -1.41348932e-02,  5.55095226e-02],
         [-1.87194371e-03, -7.81994499e-03, -1.14830295e-02, ...,
          -5.49505465e-02, -8.39654077e-03,  3.37504521e-02]]],


       [[[-7.51168234e-03, -1.57704763e-02,  4.40593623e-03, ...,
           8.08628425e-02,  1.54139521e-02, -3.71525325e-02],
         [ 3.67319165e-03, -4.84256167e-03, -9.42679588e-03, ...,
           1.78013276e-02,  1.10012209e-02, -3.05487644e-02],
         [-5.12040500e-03, -2.92832567e-03, -1.70742609e-02, ...,
          -1.19602494e-03,  2.55921856e-02, -2.38123816e-02],
         ...,
         [-6.98121730e-03, -5.92697598e-03, -4.53395769e-03, ...,
           1.43473689e-02,  1.32299559e-02, -1.86933577e-02],
         [-1.64366160e-02, -2.88906470e-02,  5.16189029e-03, ...,
           6.27482450e-03,  3.09459344e-02, -3.86791453e-02],
         [ 7.87568372e-03,  3.53289805e-02, -8.80536530e-03, ...,
           1.03661101e-02,  1.50152808e-02, -2.25142129e-02]],

        [[-8.03535990e-03, -6.21744758e-03,  3.11630405e-02, ...,
           1.99134022e-01, -6.17154641e-03,  1.39599340e-02],
         [ 1.37082441e-02, -4.04076884e-03, -9.80419107e-03, ...,
           5.20565063e-02,  6.79946598e-03, -1.67599937e-04],
         [-2.68182647e-03,  9.37074132e-04, -1.77672971e-02, ...,
           7.02630170e-03,  1.19604953e-02, -2.38061114e-03],
         ...,
         [-6.67789765e-03, -8.06673337e-03, -4.78939526e-03, ...,
           2.99814232e-02,  3.63594829e-03,  6.42562099e-03],
         [-2.00417619e-02, -5.05231880e-02,  2.04375144e-02, ...,
          -9.16022658e-02, -2.39189416e-02,  5.67581393e-02],
         [ 9.37450770e-03,  4.14647050e-02, -1.89982001e-02, ...,
           9.74066462e-03,  2.91863047e-02, -2.41922438e-02]],

        [[-7.34003959e-03,  7.00018462e-03,  1.78023316e-02, ...,
           4.10795175e-02,  1.60309300e-02, -6.50887610e-03],
         [ 1.98623370e-02, -4.18649800e-03, -1.23496391e-02, ...,
          -1.08256517e-03, -6.54376950e-03,  1.12769182e-03],
         [-4.14572377e-03, -3.37855937e-03, -1.22076506e-02, ...,
          -1.23778330e-02,  1.39588572e-03, -7.97146652e-03],
         ...,
         [-5.31869614e-03, -1.09051373e-02, -5.76505670e-03, ...,
          -1.08993258e-02, -4.60993918e-03, -3.81152914e-03],
         [-1.69911478e-02, -3.15449387e-02,  8.09636060e-03, ...,
          -1.06819831e-02, -2.92898342e-02,  7.60448575e-02],
         [ 9.20531712e-03,  3.90281789e-02, -1.15968632e-02, ...,
          -2.66397055e-02,  2.04669069e-02, -8.92718323e-03]]]],
      dtype=float32)>