<tf.Variable 'block3_conv1/kernel:0' shape=(3, 3, 128, 256) dtype=float32, numpy=
array([[[[ 2.48631509e-03,  3.29096033e-03, -3.13071609e-02, ...,
           4.71851649e-03,  6.10046380e-04,  1.08059337e-02],
         [ 1.36040282e-02,  3.80906137e-03, -3.50438058e-02, ...,
           8.50365497e-03,  4.99894470e-03,  2.45373725e-04],
         [-1.02960337e-02,  1.11045251e-02, -1.05560301e-02, ...,
           1.18119251e-02,  4.14630165e-03,  1.04994141e-02],
         ...,
         [ 2.14050314e-03,  2.17348989e-03, -4.09283377e-02, ...,
          -8.34189355e-03,  2.35738587e-02, -1.85471829e-02],
         [ 1.61261633e-02,  8.04742594e-05, -3.95269990e-02, ...,
          -3.94453527e-03,  8.42030905e-03, -6.98040065e-04],
         [-3.51465750e-03,  1.08316056e-02, -2.23830044e-02, ...,
           1.92155335e-02,  4.21972945e-03, -1.55707300e-02]],

        [[ 6.11093594e-03,  5.44822821e-03,  1.57541838e-02, ...,
           5.60781872e-03,  1.93978904e-03,  1.49202365e-02],
         [-3.13426033e-02,  1.45718846e-02,  1.18744513e-02, ...,
           1.21863568e-02,  1.49443159e-02,  2.60730181e-03],
         [-2.32275911e-02,  2.08911151e-02,  1.11537259e-02, ...,
           2.36150771e-02,  1.06090466e-02,  4.31246823e-03],
         ...,
         [ 2.83093913e-03,  5.63543057e-03,  1.72611587e-02, ...,
          -2.76210159e-03,  3.27554196e-02, -1.73731633e-02],
         [ 4.87203449e-02,  1.24137765e-02,  3.64911221e-02, ...,
           9.30428132e-03,  5.34809241e-03,  6.80550281e-03],
         [-2.03473382e-02,  1.38210657e-03, -2.35674269e-02, ...,
           3.24176252e-02,  2.19412390e-02, -3.02630980e-02]],

        [[ 1.05408970e-02,  7.44795799e-03, -3.36561389e-02, ...,
           2.62853602e-04, -6.13683043e-03,  1.33312661e-02],
         [-3.32584940e-02,  1.55691411e-02, -2.89147953e-04, ...,
          -3.60562908e-03,  1.49507467e-02,  7.65243312e-03],
         [ 3.94205609e-03,  1.48937441e-02, -1.59246754e-02, ...,
           1.39236227e-02,  3.22588254e-03,  6.02472946e-03],
         ...,
         [ 9.61219659e-04, -2.27980153e-03, -4.54332307e-02, ...,
          -8.10870901e-03,  3.84118455e-03, -1.65238492e-02],
         [ 2.77294349e-02,  1.70650017e-02,  2.01114286e-02, ...,
           8.16452038e-03,  4.37149359e-03,  8.13044887e-03],
         [-1.77335721e-02,  1.02985008e-02, -3.90648767e-02, ...,
           2.65211053e-02,  1.88891459e-02, -1.68677885e-02]]],


       [[[ 4.49297950e-03, -3.98075627e-03,  1.72210410e-02, ...,
           8.42886325e-03, -1.04969469e-04,  5.74578904e-03],
         [-4.00591874e-03, -2.41769738e-02, -1.10928714e-02, ...,
          -1.52679645e-02,  6.81134174e-03, -3.05488333e-03],
         [-1.56376939e-02, -5.00010047e-03,  4.81709233e-03, ...,
           5.51846065e-03,  4.62341262e-03,  5.28823584e-03],
         ...,
         [ 3.78267164e-03, -7.20065041e-03,  2.24571675e-02, ...,
           1.21734152e-02,  1.66180804e-02, -2.85227131e-02],
         [ 3.54970875e-03, -7.91174546e-03,  6.50567329e-03, ...,
           5.75853884e-03, -5.25432348e-04, -3.29109584e-03],
         [ 2.42216233e-03, -1.42111657e-02,  3.40532698e-02, ...,
          -8.09886493e-03,  6.40509045e-03, -2.32355390e-02]],

        [[ 6.58771209e-03, -3.84311262e-03,  6.62338808e-02, ...,
           5.46263764e-03,  2.69173388e-03,  9.38945077e-03],
         [-5.54355457e-02, -2.00809669e-02,  3.39177996e-02, ...,
          -2.65794396e-02,  7.77757354e-03,  1.45330857e-02],
         [-5.56085445e-03, -1.38856005e-02,  3.95981222e-02, ...,
          -7.25830847e-04,  4.43886919e-03,  2.62149167e-03],
         ...,
         [ 2.70528113e-03, -5.45389997e-03,  8.94473717e-02, ...,
           2.45114118e-02,  5.10585234e-02, -3.43545228e-02],
         [ 5.07756323e-02,  1.51661120e-03,  8.18592831e-02, ...,
           2.16385573e-02,  1.26126707e-02,  1.81507389e-03],
         [-2.27336828e-02, -3.00953630e-02,  3.85253243e-02, ...,
          -9.51036997e-03,  8.18072818e-03, -3.70927304e-02]],

        [[ 5.95341111e-03,  8.94323515e-04,  1.05835460e-02, ...,
           4.89834580e-04,  5.24436589e-04,  9.38476902e-03],
         [-4.07811590e-02,  4.78578452e-03,  1.44789219e-02, ...,
          -5.62724238e-03, -4.85808152e-04,  1.29066659e-02],
         [ 1.34129170e-02, -1.18021872e-02,  4.19147732e-03, ...,
          -8.13282002e-03, -4.46207495e-03,  8.42996407e-03],
         ...,
         [ 1.52341533e-03, -6.47965074e-03,  1.00679537e-02, ...,
           1.56302936e-02,  3.72295864e-02, -3.21733207e-02],
         [ 3.96381617e-02,  1.58769619e-02,  3.92291285e-02, ...,
           1.72687024e-02,  2.41979603e-02,  5.91078307e-03],
         [-1.79783162e-02, -2.94427648e-02,  1.28269298e-02, ...,
          -1.60066597e-02, -5.16920770e-03, -2.00248957e-02]]],


       [[[ 4.85232845e-03, -2.46043317e-03, -9.62745398e-03, ...,
           1.07441526e-02, -2.84585054e-03, -1.90984423e-03],
         [-1.19528649e-02, -1.80358142e-02, -3.36395353e-02, ...,
          -1.47682996e-02,  1.02861486e-02, -3.36993136e-03],
         [ 4.98365518e-03, -1.66885350e-02, -1.20581677e-02, ...,
          -1.59126818e-02,  1.31858326e-02,  2.94562749e-04],
         ...,
         [-5.69525547e-03, -1.74089391e-02, -3.64525653e-02, ...,
           7.06359418e-03, -1.58607736e-02, -2.61105206e-02],
         [-3.87686165e-03, -2.40983404e-02, -5.60978092e-02, ...,
          -1.22877983e-02, -3.04629817e-03, -1.03539054e-03],
         [ 1.35685736e-02, -2.09947508e-02, -1.52395582e-02, ...,
          -2.87993886e-02,  1.74087044e-02, -1.86969731e-02]],

        [[ 1.45290594e-03, -6.42601680e-03,  1.14819771e-02, ...,
           1.17859095e-02,  8.51634599e-04, -2.82667065e-03],
         [-2.43061744e-02, -1.82640739e-02,  1.50347399e-02, ...,
          -2.63812207e-02,  2.30616182e-02,  4.71212249e-03],
         [ 1.60123650e-02, -1.25727728e-02,  1.22705530e-02, ...,
          -1.90321188e-02,  1.43274162e-02, -9.16460936e-04],
         ...,
         [ 2.31739320e-03, -1.62090212e-02,  1.71782896e-02, ...,
           1.23864021e-02,  7.53226131e-03, -2.98976954e-02],
         [ 1.98312830e-02, -1.12192128e-02,  1.70756541e-02, ...,
          -1.62761565e-02, -2.72694766e-03, -1.83170743e-03],
         [-3.89542966e-03, -3.53942066e-02, -1.64013300e-02, ...,
          -4.73240092e-02,  1.97671168e-02, -2.87492648e-02]],

        [[ 1.00636412e-03, -5.19909943e-03, -3.75667326e-02, ...,
           7.44984252e-03,  4.31809276e-05, -3.22302600e-04],
         [-1.04536200e-02, -9.70086199e-04,  1.94423497e-02, ...,
          -1.29293650e-04,  9.82195791e-03, -1.07756234e-03],
         [ 5.58500132e-03, -1.86028529e-03, -8.09577946e-03, ...,
          -6.18272461e-03,  1.71643522e-04,  7.06695300e-03],
         ...,
         [-3.72283580e-03, -1.86357144e-02, -4.54351157e-02, ...,
           1.30783571e-02,  3.22722102e-04, -3.35289426e-02],
         [ 1.59978885e-02,  8.11644178e-03, -1.23626338e-02, ...,
           2.87816068e-03,  2.04773736e-03, -6.40190148e-04],
         [-4.09534993e-03, -3.75131555e-02, -3.33721489e-02, ...,
          -4.82492335e-02,  3.41874664e-03, -1.31510263e-02]]]],
      dtype=float32)>