<tf.Variable 'block5_conv2/kernel:0' shape=(3, 3, 512, 512) dtype=float32, numpy=
array([[[[-1.12610648e-03, -1.39102731e-02, -4.15291899e-04, ...,
          -2.39090272e-03,  5.59418183e-03, -1.67810004e-02],
         [ 1.13813886e-02, -6.83033955e-04, -8.76976922e-03, ...,
          -8.44151899e-03, -3.70610040e-03,  1.24894250e-02],
         [ 2.18971120e-03,  1.76711346e-03,  1.23967733e-02, ...,
           1.34555586e-02,  1.07239345e-02,  5.72480168e-03],
         ...,
         [-8.70769471e-03,  4.26163105e-03, -7.06244586e-03, ...,
           1.54851489e-02,  4.63837199e-03,  7.84500409e-03],
         [-6.56485325e-04,  7.68889068e-03, -1.45298289e-03, ...,
          -7.35005224e-03, -3.10419098e-04,  8.47741403e-03],
         [ 5.95664885e-03, -3.27580003e-03, -5.32116368e-03, ...,
          -2.03936966e-03,  1.35865889e-03,  5.91904763e-03]],

        [[ 2.12769513e-03, -5.14811045e-03, -5.62243350e-03, ...,
          -1.31134260e-02,  4.88865655e-03, -1.01500070e-02],
         [ 1.17016789e-02, -7.15120370e-03, -8.39244854e-03, ...,
          -6.67586317e-03, -5.10410266e-03,  1.43477311e-02],
         [ 1.43261172e-03,  2.12484729e-02,  9.50200390e-03, ...,
          -1.57885591e-03,  1.82978567e-02,  3.79953301e-03],
         ...,
         [-7.53166946e-03,  2.99661653e-03, -4.78781341e-03, ...,
           9.03842878e-03,  4.02625185e-03,  9.22073331e-03],
         [-3.35529796e-03,  3.79348244e-03,  1.26775482e-03, ...,
          -5.82869118e-03, -8.80411360e-03,  7.26862065e-03],
         [ 1.36666895e-05, -3.68203758e-03, -3.14675691e-03, ...,
           2.22825771e-03,  7.57493125e-03,  1.02467118e-02]],

        [[-8.14719591e-03, -2.00505066e-03, -8.80919211e-03, ...,
          -1.66545529e-02,  1.98264781e-04, -3.52188433e-03],
         [ 7.94519577e-03, -3.68036679e-03, -8.26357119e-03, ...,
          -2.82117142e-03, -4.27439064e-03,  1.01640765e-02],
         [ 4.09189891e-03,  1.91902220e-02,  1.09405918e-02, ...,
          -2.29260847e-02,  2.60341149e-02,  7.29925465e-03],
         ...,
         [-2.73322989e-03,  3.00269900e-03, -9.70353652e-03, ...,
          -1.42436460e-04,  9.75819398e-03,  2.72412854e-03],
         [-4.47429763e-03, -3.83435097e-03,  7.17543124e-04, ...,
           3.04877380e-04, -2.06050486e-03,  9.71180678e-04],
         [ 2.62887310e-03,  1.30386110e-02, -6.04727073e-03, ...,
           2.77841953e-03,  1.50414938e-02,  9.90516134e-03]]],


       [[[-8.03796295e-03, -1.13971503e-02,  6.58952724e-03, ...,
          -4.81049181e-04,  6.43613422e-03, -1.79823674e-02],
         [ 1.67138800e-02, -7.45473197e-03, -8.19350593e-03, ...,
          -6.07861159e-03,  3.93439055e-04,  1.27271740e-02],
         [ 8.36025982e-04, -4.70938452e-04,  1.17752301e-02, ...,
           1.79414582e-02,  3.75301763e-03,  1.27263891e-04],
         ...,
         [-8.50693882e-03,  6.07048161e-03, -2.66443216e-03, ...,
           1.42896026e-02,  2.49904767e-03,  1.79498718e-04],
         [-2.46597454e-03,  7.29254400e-03,  2.94409954e-04, ...,
          -3.63253732e-03, -3.63337738e-03,  5.07437345e-03],
         [-1.16811926e-03, -3.15029873e-03, -8.24172632e-04, ...,
          -8.88785627e-03, -5.48729068e-03,  3.78749473e-03]],

        [[-4.39948402e-03, -3.47739854e-03,  2.43245202e-04, ...,
          -9.84785520e-03,  5.21054072e-03, -1.97509974e-02],
         [ 1.85958110e-02, -1.33645898e-02, -1.02767739e-02, ...,
          -2.41490663e-03,  4.60673073e-05,  1.20157907e-02],
         [-5.91966091e-03,  9.24645830e-03,  1.21005550e-02, ...,
          -1.05297462e-04,  1.10596651e-02,  2.63926852e-03],
         ...,
         [-9.06946044e-03, -1.54343119e-03, -6.10274205e-04, ...,
           1.09442594e-02,  3.13927210e-03, -3.25301266e-03],
         [-5.20819006e-03,  5.09213936e-03,  3.94632714e-03, ...,
          -4.01240168e-03, -9.69846640e-03,  7.10429577e-03],
         [-6.86919549e-03, -2.47165700e-03,  1.92192208e-03, ...,
          -4.51413356e-03,  1.72176212e-03,  4.92478209e-03]],

        [[-6.22658757e-03, -3.43090994e-03, -8.35243613e-03, ...,
          -1.15216067e-02,  1.53592986e-03, -3.64543474e-03],
         [ 1.28823500e-02, -6.69739628e-03, -8.30523577e-03, ...,
           3.48634925e-03,  1.83020544e-03,  8.27968866e-03],
         [-1.76686270e-03,  9.79864504e-03,  1.12368744e-02, ...,
          -2.05144864e-02,  1.31868133e-02,  1.41431252e-02],
         ...,
         [ 1.68414356e-03, -3.16251907e-03, -4.50956682e-03, ...,
           1.08172344e-02,  8.38247407e-03,  9.00894694e-04],
         [-8.00926052e-03, -5.72536979e-03,  1.28548976e-03, ...,
           2.47490546e-03, -3.73221375e-03,  2.54621520e-03],
         [-4.48723370e-03,  1.57816298e-02, -3.63634876e-03, ...,
           3.34846694e-03,  1.33423917e-02,  4.46979143e-03]]],


       [[[-3.98385944e-03, -7.72264041e-03,  5.79379732e-03, ...,
           4.73350612e-03,  8.24284181e-03, -9.89352167e-03],
         [ 8.95213708e-03, -1.56957563e-03, -2.67244899e-03, ...,
          -4.31917328e-03, -7.22031249e-03,  7.08149793e-03],
         [-6.78315479e-03,  7.97655899e-03,  1.22533282e-02, ...,
           1.35311754e-02,  1.13436170e-02,  1.00916745e-02],
         ...,
         [-5.42715983e-03,  6.82500936e-03,  2.06867745e-03, ...,
           1.15423445e-02,  1.35911524e-03, -5.60511416e-03],
         [ 4.61982097e-03,  8.86386912e-03, -5.09008206e-03, ...,
           2.30618101e-03, -2.10025930e-03, -1.28205456e-02],
         [-1.71301316e-03, -1.08229686e-02, -6.23088004e-03, ...,
          -9.36139748e-03,  4.23580030e-04,  6.02343772e-03]],

        [[-7.84571003e-03, -7.72077264e-03, -4.10368491e-04, ...,
          -4.64761769e-03,  4.84151114e-03, -8.10108799e-03],
         [ 7.03802519e-03, -6.14652690e-03, -3.35389609e-03, ...,
          -7.66926736e-04, -4.10724850e-03,  3.30237439e-03],
         [-1.26976296e-02,  4.06949688e-03,  1.57761611e-02, ...,
           2.05063750e-03,  1.35973999e-02,  2.45495401e-02],
         ...,
         [-4.94020339e-03, -6.04472240e-04,  3.70768807e-03, ...,
           5.28301718e-03,  5.77830663e-03, -5.73270582e-03],
         [ 6.47951430e-03,  5.04286960e-03, -5.76301245e-03, ...,
          -3.84971802e-03, -1.53160375e-02, -1.36713414e-02],
         [-6.13218453e-03, -7.85352290e-03, -2.66636047e-03, ...,
          -2.86623905e-03,  8.13857932e-03,  3.23665445e-03]],

        [[-1.03016887e-02, -7.32906163e-03, -1.26632303e-02, ...,
          -1.51485833e-03, -4.73790773e-04, -1.50191726e-03],
         [ 2.47099600e-03, -3.58005147e-03, -8.92815471e-04, ...,
           2.19221620e-04, -5.89206407e-04,  1.02671504e-03],
         [-7.04030367e-03,  2.31858669e-03,  1.17366202e-02, ...,
          -1.00303544e-02,  9.60416254e-03,  3.07981335e-02],
         ...,
         [ 1.02732638e-02, -4.61639231e-03, -3.90697533e-04, ...,
           5.76351210e-03,  5.99978026e-03, -6.46614050e-03],
         [ 1.79310958e-03, -1.10877156e-02, -4.39016009e-03, ...,
          -3.89495096e-03, -1.43652763e-02, -1.33516490e-02],
         [-4.76273848e-03,  9.76819452e-03, -6.88574556e-03, ...,
           7.87178893e-03,  2.10002940e-02,  2.46465113e-03]]]],
      dtype=float32)>