<tf.Variable 'block3_conv3/kernel:0' shape=(3, 3, 256, 256) dtype=float32, numpy=
array([[[[ 2.49182852e-03, -8.25067237e-03, -1.34461222e-03, ...,
           8.61167070e-03, -3.73780821e-03,  6.45499909e-04],
         [-4.42567188e-03, -1.88350787e-05, -1.74789131e-02, ...,
          -1.74075942e-02, -2.41387892e-03, -2.45446875e-03],
         [-1.45422723e-02,  6.53489307e-03,  4.29056808e-02, ...,
           2.32872367e-03, -8.22560862e-03, -1.34951407e-02],
         ...,
         [ 8.14430788e-03,  4.64800792e-03,  1.78648401e-02, ...,
           1.30022259e-03, -1.02303829e-02, -8.59441701e-03],
         [-1.25717523e-03, -4.16684226e-04, -5.34598716e-03, ...,
          -1.43156825e-02, -5.26516093e-03, -1.92927010e-03],
         [ 7.58334296e-03,  3.03687761e-04,  1.76798610e-03, ...,
          -6.30416349e-03,  5.41360758e-04, -2.08757468e-03]],

        [[ 5.62601024e-04, -1.57458056e-02, -1.89978105e-03, ...,
           3.74664553e-03, -7.80931325e-04,  7.86909834e-03],
         [-9.07994434e-03, -1.88095204e-03, -1.08374842e-02, ...,
           3.25201056e-03, -8.60407297e-03, -1.06352521e-02],
         [-1.02429595e-02,  8.97591282e-03,  2.03796718e-02, ...,
          -1.58790015e-02, -3.18478863e-03, -1.46591766e-02],
         ...,
         [ 2.76015643e-02,  3.51342745e-02,  1.60577446e-02, ...,
          -3.92214302e-03, -3.94038716e-03, -1.28798457e-02],
         [-9.14710574e-03,  7.83217512e-03, -1.45204505e-03, ...,
          -2.50025140e-03,  4.37620515e-03, -2.92862463e-03],
         [ 1.53262382e-02,  3.19609744e-03, -3.10626184e-03, ...,
          -1.26120343e-03,  1.93217583e-03, -4.34497744e-03]],

        [[ 1.19078634e-02,  1.22632412e-02,  1.10837901e-02, ...,
          -7.12652551e-03, -4.51076403e-03, -1.80176343e-04],
         [ 1.09123939e-04, -2.57430226e-03,  5.92016324e-04, ...,
           1.00612864e-02, -6.97242282e-03, -1.89536007e-03],
         [-3.65449372e-03, -5.48841013e-03,  2.82002846e-03, ...,
          -9.52219777e-03,  1.63100380e-03, -9.41131264e-03],
         ...,
         [ 2.27532778e-02,  2.56275944e-02,  1.38883954e-02, ...,
          -3.09439981e-03,  8.96250270e-03, -1.08324187e-02],
         [-1.14783114e-02, -4.79689304e-04, -5.75645873e-03, ...,
           5.71634853e-03,  1.44765461e-02, -3.67933162e-03],
         [ 1.40898814e-02, -3.01762018e-03, -1.16279358e-02, ...,
          -3.89153371e-03,  4.75310662e-04, -1.12566911e-02]]],


       [[[-9.41542629e-03, -9.80154704e-03, -3.69167840e-03, ...,
           8.45058262e-03, -1.11409568e-03,  1.57259796e-02],
         [-2.05228683e-02,  3.40567291e-04, -1.74381770e-02, ...,
          -1.73003264e-02, -4.24027769e-03, -1.03721013e-02],
         [-8.17882922e-03,  4.71192319e-03,  5.10138553e-03, ...,
           2.30808929e-03, -3.67084774e-03, -6.74672890e-03],
         ...,
         [ 8.09922162e-03, -6.36649085e-03,  7.09572807e-03, ...,
           1.55610824e-02, -4.00183955e-03,  8.52918660e-04],
         [ 9.46240834e-06, -4.80348710e-03,  6.38567237e-03, ...,
          -1.66918933e-02,  7.42614502e-03, -5.22509357e-03],
         [ 6.23346865e-03, -8.45635124e-03,  1.28625380e-02, ...,
           7.55864847e-03,  3.60822654e-03,  1.02037117e-02]],

        [[-9.66143794e-03, -1.66031346e-02, -3.75456340e-03, ...,
           3.77679267e-03,  8.85611749e-04,  3.90423387e-02],
         [-2.29902640e-02, -5.48137818e-04,  6.26104232e-03, ...,
           3.09622195e-03, -1.12797739e-02, -2.21406780e-02],
         [-7.34363217e-03,  9.97547805e-03, -1.59962792e-02, ...,
          -2.01132614e-02,  4.04101564e-03, -1.30811296e-02],
         ...,
         [ 2.91116592e-02,  2.56295223e-02, -5.18021779e-03, ...,
           1.64482743e-02,  9.89971100e-04, -5.71119506e-03],
         [-3.59656615e-03,  3.92737426e-03,  1.15985656e-02, ...,
          -4.35973983e-03,  1.28727686e-02, -3.06857913e-03],
         [ 1.48936510e-02, -2.79081590e-03,  1.20031787e-02, ...,
           1.37832770e-02,  1.05134724e-02,  2.34108530e-02]],

        [[ 4.74231754e-04,  3.63741280e-03,  2.15365533e-02, ...,
          -1.89999817e-03, -5.15478104e-03,  1.31619368e-02],
         [-9.18400660e-03,  1.93454546e-03,  1.09110810e-02, ...,
           9.14575998e-03, -8.21557175e-03, -8.30788538e-03],
         [-1.69444911e-03, -4.36456734e-03, -2.26653703e-02, ...,
          -1.38805434e-02,  1.06112342e-02, -1.10037765e-02],
         ...,
         [ 2.16357969e-02,  1.74818505e-02, -4.67658462e-03, ...,
          -9.58664925e-04,  1.37514127e-02, -7.61160767e-03],
         [-1.90485851e-03, -4.57544671e-03,  5.04404213e-03, ...,
           7.49490084e-03,  2.18671728e-02, -5.64512424e-03],
         [ 1.06539074e-02, -6.43269531e-03, -5.04566648e-04, ...,
           8.10153224e-03,  1.10825021e-02,  1.70141142e-02]]],


       [[[-4.50136606e-03, -6.02411199e-03,  3.11873481e-03, ...,
          -5.44655835e-04,  2.41484423e-03,  2.56585758e-02],
         [-1.60623565e-02,  2.61958572e-03, -4.11093468e-03, ...,
          -1.52113223e-02, -2.44396157e-03, -9.40611679e-03],
         [ 1.03867343e-02,  9.93811246e-03, -6.63214130e-03, ...,
           4.57423186e-04, -1.41171238e-03,  1.74400141e-03],
         ...,
         [-3.64836096e-03, -3.09328665e-03, -1.06807053e-02, ...,
           1.12805534e-02, -2.41819987e-04,  9.97136254e-03],
         [ 2.19470632e-04, -1.80030242e-03,  4.31476161e-03, ...,
          -1.55662363e-02,  1.01363128e-02, -5.82250673e-03],
         [-1.94603333e-03, -1.33034596e-02,  1.00488653e-02, ...,
           1.57581102e-02,  6.38718856e-03,  9.57524404e-03]],

        [[-1.47843594e-03, -1.02676339e-02,  1.72790524e-03, ...,
          -7.44713098e-03,  7.77076697e-03,  6.32125139e-02],
         [-1.55830020e-02, -9.06818022e-04,  1.38317700e-02, ...,
           1.86586718e-03, -1.31476419e-02, -2.01811269e-02],
         [ 4.06060950e-04,  1.30023547e-02, -2.33655237e-02, ...,
          -2.13477034e-02,  1.25812916e-02, -6.86774962e-03],
         ...,
         [ 8.52249004e-03,  2.30366867e-02, -2.14423127e-02, ...,
           2.31715962e-02,  7.81933870e-03,  9.37404856e-03],
         [ 3.03807063e-03,  3.03328532e-04,  1.46860117e-02, ...,
          -4.26525855e-03,  1.57574061e-02, -4.55228426e-03],
         [-1.30841765e-03, -5.18516358e-03,  4.14379733e-03, ...,
           2.45135967e-02,  1.46029377e-02,  2.09346768e-02]],

        [[ 1.05792219e-02,  7.71222962e-03,  1.60458777e-02, ...,
          -1.14335474e-02,  1.80619667e-04,  3.85264903e-02],
         [-3.40054696e-03,  3.24828108e-03, -2.46915198e-03, ...,
           1.20599633e-02, -8.42132140e-03, -9.39693395e-03],
         [-6.27992442e-03,  5.48810531e-05, -3.39485556e-02, ...,
          -1.67110953e-02,  2.01697182e-02, -9.91834793e-03],
         ...,
         [ 6.44019945e-03,  1.73932556e-02, -1.23419259e-02, ...,
           4.06535063e-03,  1.56269483e-02,  4.64981329e-03],
         [ 4.31994861e-03, -6.28653821e-03,  1.34719890e-02, ...,
           1.59082916e-02,  2.07160246e-02, -4.53479309e-03],
         [-8.85906070e-03, -5.81115717e-03, -5.50442899e-04, ...,
           1.17796622e-02,  1.62397400e-02,  2.18943544e-02]]]],
      dtype=float32)>