<tf.Variable 'block5_conv3/kernel:0' shape=(3, 3, 512, 512) dtype=float32, numpy=
array([[[[ 4.07882966e-04,  4.82621184e-03, -9.11695044e-03, ...,
           1.51569908e-02, -2.73966836e-03, -4.83311387e-03],
         [ 3.48924054e-03,  2.60589737e-03, -8.10198858e-03, ...,
           8.86987546e-04, -7.08238874e-03, -7.96321197e-04],
         [-1.12759033e-02, -6.43836753e-03, -8.05236772e-03, ...,
           1.90410519e-03,  3.87627119e-03,  1.96338408e-02],
         ...,
         [-1.49949323e-02,  1.20318262e-02,  9.87236737e-04, ...,
          -2.89861043e-03,  4.03315574e-03, -5.93429338e-03],
         [-7.53336679e-03,  6.08530594e-03,  9.90014290e-04, ...,
           1.63243050e-04, -3.09621776e-03, -3.01808352e-03],
         [-2.62522907e-03,  3.51887429e-03, -2.58309790e-03, ...,
          -6.02027494e-03, -8.85035843e-03,  9.85825085e-04]],

        [[ 3.02846078e-04,  2.64736195e-03, -1.37099335e-02, ...,
           1.49135189e-02, -4.65666235e-04, -6.84898719e-03],
         [-9.60117579e-03,  5.01031429e-03, -1.13053191e-02, ...,
           8.86707660e-03,  6.21224102e-03,  2.48882570e-03],
         [-1.13499342e-02, -4.72285505e-03, -8.57903156e-03, ...,
          -3.04920389e-03,  9.67197306e-03,  1.90250184e-02],
         ...,
         [-4.48127137e-03,  5.53716440e-03,  4.68912302e-03, ...,
          -4.91005788e-03,  6.40070112e-03, -8.28019064e-03],
         [-6.00830279e-03, -7.51605199e-04,  8.29616503e-04, ...,
           2.07461347e-03,  3.22994636e-03, -1.69727230e-03],
         [-2.81035155e-03,  1.36994272e-02, -2.04460253e-03, ...,
          -5.17683988e-03, -9.04289633e-03, -1.79657899e-03]],

        [[ 3.09069827e-03, -7.85107608e-04, -1.12262042e-02, ...,
           1.38624888e-02, -1.50248851e-03, -2.83075101e-03],
         [-1.78263709e-02, -4.06336552e-03, -1.11764381e-02, ...,
           1.76884588e-02, -1.14172359e-03,  1.50952139e-03],
         [-1.26420632e-02, -1.19902752e-03, -1.03873471e-02, ...,
          -1.54873531e-03,  3.21487361e-03,  1.84067711e-02],
         ...,
         [ 4.99952445e-03,  8.96072667e-03,  2.35912274e-03, ...,
          -6.95799524e-03,  9.11425054e-03, -1.76598097e-03],
         [-3.11188446e-03, -4.81695170e-03,  2.14671413e-03, ...,
           8.69878661e-03,  4.66441829e-03,  3.96351190e-03],
         [-1.56560540e-03,  1.01758400e-02, -1.81451999e-03, ...,
          -7.93038029e-03, -7.92690739e-03,  9.85421613e-03]]],


       [[[ 2.21009902e-03,  5.53841889e-03, -1.51329748e-02, ...,
           1.92244705e-02, -2.94085429e-03, -2.05214042e-03],
         [ 4.31180233e-03, -4.67703957e-03, -9.83539224e-03, ...,
          -1.16664264e-03, -7.47026131e-03,  8.98758229e-03],
         [-1.00150378e-02, -3.31197702e-03, -4.38165246e-03, ...,
           1.28704909e-04,  6.90069282e-05,  5.32614533e-03],
         ...,
         [-1.65325180e-02,  5.79520175e-03, -1.08136714e-03, ...,
          -3.87264206e-03,  3.87065555e-03, -8.52444116e-03],
         [-1.10835498e-02,  6.04208373e-03,  6.12878706e-03, ...,
          -4.66409931e-03, -1.65367487e-03, -4.93706390e-03],
         [-5.82469627e-03,  2.77068373e-03,  2.59765168e-03, ...,
          -9.57501866e-03, -3.32338479e-03,  3.07677989e-03]],

        [[ 3.59932799e-03,  1.19693214e-02, -1.60994809e-02, ...,
           1.80910621e-02,  3.29896147e-06, -6.10836258e-04],
         [-7.41903298e-03, -5.61146066e-03, -1.38216335e-02, ...,
           2.96197180e-03,  2.69207382e-03,  7.01817824e-03],
         [-8.48251395e-03,  9.95878596e-04,  6.25522574e-04, ...,
          -3.68017773e-03,  1.27349654e-02,  4.87677474e-03],
         ...,
         [-8.20725970e-03,  1.95525214e-03,  2.69707199e-03, ...,
          -4.49266564e-03,  6.45229314e-03, -1.28380703e-02],
         [-5.50353806e-03,  1.61080994e-03,  1.39699667e-03, ...,
          -2.52319360e-03, -4.11227718e-03, -5.21757640e-03],
         [-2.69698747e-03,  2.70054420e-03,  3.79564380e-03, ...,
          -7.66708190e-03, -9.20492224e-03, -4.52092383e-03]],

        [[ 2.48262100e-03,  6.13112841e-03, -1.47995697e-02, ...,
           1.69335436e-02,  1.16662926e-03,  1.17623655e-03],
         [-1.69411730e-02, -8.71018134e-03, -1.29530905e-02, ...,
           1.87354535e-03, -6.88433880e-04, -1.68701622e-03],
         [-6.59902534e-03,  3.46401357e-03, -3.11806914e-03, ...,
          -4.05590283e-03,  7.37769250e-03,  5.51742781e-03],
         ...,
         [ 9.51702707e-04,  1.64372730e-03,  1.49127271e-03, ...,
          -7.65326899e-03,  1.19846454e-02, -9.10102390e-03],
         [ 2.88849953e-03, -5.35335718e-03, -3.08376068e-04, ...,
           3.87483276e-04, -4.36716061e-03, -2.73425644e-03],
         [-1.54271268e-03,  4.30263951e-03, -4.31923472e-05, ...,
          -5.21167647e-03, -8.79874174e-03, -2.11346560e-04]]],


       [[[-2.93453527e-03,  4.62880917e-03, -9.69677325e-03, ...,
           1.48544796e-02,  3.87839018e-03,  1.85810984e-03],
         [ 5.63784037e-03, -6.04889123e-03, -5.59245935e-03, ...,
          -4.98529337e-03, -1.92062720e-03,  4.07473044e-03],
         [-4.84194839e-03,  2.70295335e-04, -3.02166585e-03, ...,
          -1.49492722e-03, -1.31164724e-02,  2.69274553e-03],
         ...,
         [-1.79702230e-02, -3.29879066e-03, -6.12194091e-03, ...,
          -7.89267663e-03, -1.74841529e-03, -2.64002383e-03],
         [-1.11466460e-02,  5.13884844e-03,  1.51880039e-02, ...,
          -4.87166690e-03,  2.45198980e-03, -3.42866592e-03],
         [-6.12380216e-03,  8.87359586e-03, -3.45014478e-03, ...,
          -1.09723555e-02,  2.66773975e-03, -4.79325093e-03]],

        [[-6.14633691e-03,  1.40388934e-02, -9.19489283e-03, ...,
           1.60656814e-02,  8.88941437e-03,  6.56510517e-03],
         [-5.72578516e-03, -3.33702704e-03, -8.64025764e-03, ...,
           1.98416272e-03,  7.86264334e-03,  2.50778953e-03],
         [-3.77366156e-03,  9.24240507e-04,  7.29091058e-04, ...,
          -4.96890210e-03,  3.85057204e-03, -7.15580711e-04],
         ...,
         [-1.22111076e-02, -2.42003356e-03, -4.81141545e-03, ...,
          -4.22020489e-03, -1.01946108e-02, -5.80721162e-03],
         [-9.04400460e-03,  1.94370467e-03,  7.34009594e-03, ...,
          -5.14973374e-03,  3.66879918e-04, -5.37241250e-03],
         [-3.53684562e-04,  1.53788179e-02, -8.76262202e-04, ...,
          -7.13666994e-03, -4.27656015e-03, -1.42133404e-02]],

        [[-6.67408668e-03,  9.11168288e-03, -9.18486901e-03, ...,
           1.21346870e-02,  8.51947255e-03,  7.15135690e-03],
         [-1.64910071e-02, -2.04550894e-03, -7.30760070e-03, ...,
          -2.89353775e-03,  1.16095145e-03, -6.60440046e-03],
         [-7.68517129e-05,  4.32093628e-03, -6.93119306e-04, ...,
          -3.48316878e-03, -1.47545757e-03, -2.85687298e-03],
         ...,
         [-4.66702832e-03, -1.39780261e-03,  3.67210196e-05, ...,
          -4.95146902e-04,  7.23151665e-04, -6.29519764e-03],
         [ 3.63699184e-03, -4.63909749e-03,  5.31478412e-03, ...,
          -1.50180201e-03, -7.48660788e-03, -1.94359326e-03],
         [-1.03440508e-03,  1.57131702e-02, -1.98940560e-03, ...,
          -5.38550608e-04, -5.37431426e-03, -9.20103770e-03]]]],
      dtype=float32)>