<tf.Variable 'block4_conv1/kernel:0' shape=(3, 3, 256, 512) dtype=float32, numpy=
array([[[[-1.24538150e-02,  8.40655994e-03, -5.28845051e-03, ...,
          -2.04581907e-03, -3.92359449e-03,  1.30683812e-03],
         [ 1.15566896e-02,  2.46055960e-03, -4.09082584e-02, ...,
          -4.92062652e-03, -1.63423386e-03,  8.94230697e-03],
         [-1.43469922e-04, -5.65873180e-03,  1.84066985e-02, ...,
          -2.08840682e-03,  2.63321817e-06, -2.50728261e-02],
         ...,
         [ 1.37888230e-02, -6.58180192e-03,  9.65370331e-03, ...,
           7.17610447e-03,  3.45725450e-03,  5.33173978e-03],
         [ 2.65833316e-03,  7.77704641e-04,  2.86239345e-04, ...,
          -5.40583069e-03,  8.93119723e-03,  1.40043022e-02],
         [-8.53933115e-03,  1.43394794e-03, -2.91879033e-03, ...,
           3.77660524e-03,  2.05454584e-02, -1.35868033e-02]],

        [[-1.20176468e-02,  1.51250837e-03,  3.43130133e-03, ...,
          -1.57830697e-02, -2.39501009e-03,  2.93573504e-03],
         [ 1.07167801e-02, -1.72885903e-03, -1.83217339e-02, ...,
          -3.87932011e-03, -1.74722821e-02,  3.09405895e-03],
         [-2.78812763e-03,  1.09002152e-02,  7.31469830e-03, ...,
           1.32350891e-03,  5.71234105e-03, -2.06499193e-02],
         ...,
         [ 5.34640905e-03, -7.61074666e-03, -2.95266091e-05, ...,
           1.06462219e-03,  7.16414442e-03,  5.50952321e-03],
         [-1.97489071e-03, -5.18740201e-03, -3.50479130e-03, ...,
          -7.65207084e-03,  6.48583705e-03,  7.29372769e-05],
         [-8.13952927e-03, -1.72344397e-03, -1.71952751e-02, ...,
           6.51383121e-03,  2.62788888e-02, -7.40201725e-03]],

        [[-1.13097280e-02, -2.71398202e-03,  5.21831634e-03, ...,
           3.75532242e-03, -4.37350944e-03, -1.71778537e-03],
         [ 9.51003470e-03,  2.10385933e-03, -6.23627566e-03, ...,
           9.84872226e-04, -1.22357579e-02, -5.77230006e-03],
         [ 1.09487341e-03,  2.16768365e-02, -1.11458432e-02, ...,
          -1.15952350e-03,  7.16441032e-03, -6.74266228e-03],
         ...,
         [ 3.84493452e-03,  6.50770171e-03, -3.08423012e-04, ...,
           7.76557205e-03,  4.50123427e-03,  2.94768345e-03],
         [-5.20469574e-03,  2.53336993e-03, -2.00857781e-03, ...,
           6.74798503e-04,  1.27291884e-02, -5.95079921e-03],
         [-4.31006867e-03, -4.26639896e-03, -1.50389588e-02, ...,
          -6.62087603e-03,  1.03521571e-02,  2.33515655e-03]]],


       [[[-1.66037567e-02,  2.41671409e-02, -1.76821016e-02, ...,
          -8.38128850e-03, -3.02293082e-03,  3.58365453e-03],
         [ 9.80825536e-03,  1.05249183e-02, -4.66881320e-02, ...,
          -7.78164901e-03, -3.83233977e-03,  2.94483802e-03],
         [ 1.34947952e-02, -1.25661753e-02,  1.29038952e-02, ...,
           1.43833098e-03, -5.72983874e-03, -1.78362131e-02],
         ...,
         [ 9.57040023e-03,  1.17314365e-02,  1.55258663e-02, ...,
           2.69203974e-05,  2.30762083e-03,  7.98452704e-04],
         [-2.26363889e-03, -2.44599045e-03,  5.42335818e-03, ...,
          -7.61786243e-04,  7.27130566e-03,  2.00658664e-02],
         [-6.25453144e-03,  8.70768726e-03,  5.96766314e-03, ...,
           2.25311015e-02,  1.17731886e-02, -8.07471387e-03]],

        [[-2.05247719e-02,  9.02097579e-03, -1.39437476e-03, ...,
          -1.84835698e-02,  1.36483200e-02,  1.48000638e-03],
         [ 8.35212879e-03, -3.76963033e-03, -2.36531124e-02, ...,
          -4.67878534e-03, -1.02635678e-02, -9.82333149e-05],
         [ 1.35796964e-02, -1.72847509e-02,  9.88537073e-03, ...,
           7.85652269e-03,  1.02855563e-02, -2.21692659e-02],
         ...,
         [ 4.50371159e-03,  7.92721228e-04,  8.28000717e-03, ...,
          -1.25710340e-03,  2.60498724e-03,  6.89739687e-03],
         [-4.07085335e-03, -4.51655919e-03, -2.78022187e-03, ...,
           1.75143685e-03,  7.57344998e-03,  1.27716700e-03],
         [-4.38698288e-03,  1.11662695e-04, -1.52793936e-02, ...,
           3.82050462e-02,  3.65496846e-03, -6.30834652e-03]],

        [[-1.67291705e-02, -7.51205778e-04,  8.62288661e-03, ...,
          -4.92068566e-03,  2.60210619e-03, -8.31924565e-03],
         [ 7.60383205e-03, -2.44896696e-03, -9.95151792e-03, ...,
           2.84005492e-03,  1.40986012e-04, -7.82902353e-03],
         [ 2.45916261e-03, -6.49120752e-03, -8.32979660e-03, ...,
           7.72433681e-03,  1.30170006e-02, -1.23488028e-02],
         ...,
         [ 1.33765105e-03,  7.21688429e-03,  1.26626331e-03, ...,
           3.94847291e-03,  5.32880379e-03, -2.07663863e-03],
         [-2.70236470e-03,  1.28381781e-03, -6.93748286e-03, ...,
           8.98882467e-03,  1.46908136e-02, -4.21756599e-03],
         [-2.33115349e-03, -6.12587482e-03, -2.12312099e-02, ...,
           9.15342360e-04,  3.17362952e-04,  1.23123394e-03]]],


       [[[-1.45651354e-02,  9.64931585e-03, -1.16087059e-02, ...,
           2.59297341e-03, -8.05760548e-03,  2.21103709e-03],
         [ 6.19267486e-03,  8.93716048e-03, -4.51339036e-02, ...,
          -6.12378679e-03, -4.00708383e-03,  6.47111796e-03],
         [ 1.43068740e-02, -2.66728899e-03,  3.41038289e-03, ...,
           3.44638783e-03, -8.62873974e-04, -1.33675877e-02],
         ...,
         [ 1.29059236e-02,  9.14617069e-03,  8.28087237e-03, ...,
          -4.39318595e-03, -8.14242568e-03, -2.26692040e-03],
         [-1.31062279e-03, -5.64920157e-03,  6.37932634e-03, ...,
           6.66187890e-03,  4.44209296e-03,  4.41963132e-03],
         [-6.42832462e-03,  4.18221578e-03,  7.65334209e-03, ...,
           1.20814089e-02, -6.66856999e-03,  3.25094647e-04]],

        [[-1.66320223e-02,  4.54504183e-03, -6.67143054e-03, ...,
           2.28197756e-03, -6.31665680e-05, -4.71796095e-03],
         [ 2.97540380e-03, -6.40762178e-03, -2.85963546e-02, ...,
          -2.35724798e-03,  4.74322308e-03,  4.67349339e-04],
         [ 2.36185007e-02, -1.89911220e-02,  4.60000196e-03, ...,
           1.08400211e-02, -9.18388832e-03, -2.74709109e-02],
         ...,
         [ 8.74977279e-03,  1.61244010e-03,  3.06530995e-03, ...,
           4.53018304e-03, -7.39837857e-03,  4.47823061e-03],
         [-1.20457367e-03, -2.87331175e-03, -5.18758828e-03, ...,
           1.17142722e-02,  7.62202404e-03, -5.77956159e-03],
         [-4.07704106e-03,  5.63840521e-03, -1.10617159e-02, ...,
           2.38051061e-02, -1.34268589e-02, -2.97562080e-03]],

        [[-8.99161492e-03,  5.84716024e-03,  5.29400352e-03, ...,
           3.04830913e-03, -1.18276821e-02, -8.41523055e-03],
         [ 3.12718400e-03, -5.05524641e-03, -1.94435567e-02, ...,
           3.33701703e-03,  1.45587865e-02, -4.61388379e-03],
         [ 1.11383200e-02, -2.28672028e-02,  2.00467315e-04, ...,
          -3.49199137e-04, -8.52558948e-03, -1.46135921e-02],
         ...,
         [ 4.12542978e-03,  1.88087288e-03, -2.15299334e-03, ...,
           3.59076308e-03, -1.91574858e-03, -3.53228627e-03],
         [-2.84922371e-05,  9.47301451e-04, -8.46835505e-03, ...,
           1.27441790e-02,  1.32457484e-02, -2.80284905e-03],
         [-6.17068168e-03, -5.06139966e-03, -1.87711921e-02, ...,
          -2.79223267e-03, -1.10712685e-02,  4.57540294e-03]]]],
      dtype=float32)>