<tf.Variable 'block5_conv1/kernel:0' shape=(3, 3, 512, 512) dtype=float32, numpy=
array([[[[-6.0689339e-04,  1.4231558e-03,  7.3316055e-03, ...,
           2.6178278e-03,  4.3357504e-04, -2.9434897e-03],
         [-4.8605306e-03,  4.9075234e-04, -1.2511463e-03, ...,
           1.1560039e-03, -1.2683710e-04, -1.5934335e-02],
         [ 8.2136225e-03,  7.4967248e-03,  4.4443067e-03, ...,
          -1.0573096e-02, -1.3803735e-02, -2.0028956e-03],
         ...,
         [ 2.0234480e-03, -5.8380342e-03, -2.3825851e-03, ...,
           1.3192679e-03, -8.6920448e-03, -8.2156417e-04],
         [ 7.9414165e-03, -8.0086980e-03,  7.7348115e-04, ...,
           9.1014095e-03,  6.8836473e-04, -9.8630879e-03],
         [ 7.3094536e-03, -1.1607672e-03,  5.1686643e-03, ...,
          -1.8046533e-03, -7.7111748e-05,  3.5778836e-03]],

        [[-1.5249068e-03, -3.1574788e-03,  4.5571220e-03, ...,
          -8.1634670e-03, -8.1500728e-03, -5.8323247e-03],
         [-1.2195857e-03, -5.4482273e-03, -8.4939813e-03, ...,
           1.3417795e-03, -1.3884302e-03, -1.6707450e-02],
         [-2.9635590e-03,  6.9369110e-03,  5.6030410e-03, ...,
          -1.8767575e-02, -4.3791626e-03, -7.9249451e-03],
         ...,
         [-6.8472535e-04, -2.8301261e-03,  1.2871494e-03, ...,
           1.8639782e-02, -1.4961872e-02, -1.3423259e-03],
         [-1.5397326e-02, -1.0199412e-03,  1.0786263e-02, ...,
           1.0112063e-02, -6.9852192e-03, -6.4757215e-03],
         [ 1.0720392e-02, -3.2282835e-03, -1.0194050e-04, ...,
          -4.7621364e-03,  1.0120733e-02,  5.2126674e-03]],

        [[ 4.6802587e-03, -1.5438132e-03,  9.8896343e-03, ...,
          -2.5150599e-03, -3.5095667e-03, -5.6064618e-03],
         [ 1.0596886e-02, -1.0044489e-02,  1.8063044e-03, ...,
          -2.9223200e-03,  8.0995419e-04, -2.0323446e-02],
         [-1.7607687e-03,  2.3017763e-03, -1.5706603e-03, ...,
          -1.1904801e-02, -5.6624818e-03, -2.7024033e-03],
         ...,
         [-8.9463210e-03, -7.5343349e-03,  7.4039923e-04, ...,
           1.2268053e-02, -1.3198548e-02, -3.2026084e-05],
         [-3.9164912e-02, -7.5820535e-03,  1.3907746e-03, ...,
          -6.6482779e-03, -1.0733108e-02, -9.9823792e-03],
         [ 6.8326667e-03, -2.0392942e-03,  4.8815343e-03, ...,
          -2.2594277e-03,  1.3842926e-03,  7.3076310e-03]]],


       [[[ 4.3825014e-03, -8.4557459e-03,  6.0976552e-05, ...,
          -1.5721424e-03, -6.2847957e-03, -6.0747643e-03],
         [-1.9328265e-02,  4.7232583e-03,  5.4184967e-03, ...,
          -7.3021773e-04,  5.4419693e-03, -1.3912930e-02],
         [ 5.5229296e-03,  4.6481588e-03, -7.7780159e-03, ...,
           2.7554642e-04, -1.3050669e-02, -3.9565605e-03],
         ...,
         [ 3.2179512e-04, -3.4885360e-03, -1.0874616e-02, ...,
           8.2677584e-03, -1.1178210e-02,  7.5714481e-03],
         [ 4.0616496e-03, -7.2419085e-03, -1.3705336e-03, ...,
           1.0747767e-02, -7.4744545e-04, -1.1671883e-02],
         [ 1.2030830e-03,  7.4582128e-04,  3.5220869e-03, ...,
          -1.7955588e-04,  2.9120417e-03,  6.2693246e-03]],

        [[-5.1713228e-04, -1.3903971e-02, -2.6596109e-03, ...,
          -8.2665663e-03, -1.9626400e-02, -7.4289762e-03],
         [-6.0759084e-03, -9.6884841e-04,  6.0364590e-03, ...,
          -9.3692346e-03,  4.3691956e-03, -1.3639066e-02],
         [-9.0519208e-03,  9.6781654e-03,  8.6934352e-03, ...,
           9.1049206e-03, -9.7425170e-03, -7.6264590e-03],
         ...,
         [-3.8311486e-03,  7.1369117e-04, -1.1714270e-02, ...,
           1.6859323e-02, -1.6344676e-02,  1.2910481e-02],
         [ 9.2128823e-03, -1.5336460e-03,  5.2924841e-03, ...,
           3.0931132e-03, -9.8296702e-03, -5.3623371e-04],
         [ 3.9525158e-03,  9.3688892e-04,  3.7328359e-03, ...,
          -5.5979183e-03,  1.0980255e-02,  1.2100901e-02]],

        [[-1.7740640e-03, -1.1662573e-02,  1.6112716e-03, ...,
           1.2962105e-04, -1.1654774e-02, -5.4892940e-03],
         [ 1.5333769e-02, -6.9049154e-03,  9.9986177e-03, ...,
          -1.2304787e-02,  1.6369390e-03, -1.8881094e-02],
         [-1.9262903e-04,  2.8037187e-03, -1.7493139e-03, ...,
           2.6137648e-02, -9.3979454e-03, -4.5618960e-03],
         ...,
         [-6.4418763e-03, -2.7641824e-03, -8.7552797e-03, ...,
           1.0848792e-02, -1.2664125e-02,  1.1188427e-02],
         [-1.4976529e-02, -8.0800392e-03,  1.1753010e-03, ...,
          -1.4212406e-02, -1.4587110e-02, -5.5110687e-04],
         [ 4.9651507e-03,  1.9658136e-03,  4.4132387e-03, ...,
          -3.2392361e-03,  3.2961257e-03,  1.0079567e-02]]],


       [[[-1.0813643e-02, -1.2109953e-03,  4.0739947e-03, ...,
          -3.7609618e-03, -8.4045194e-03, -4.1101421e-03],
         [-1.6155045e-02,  3.3042664e-04,  2.8314698e-03, ...,
           3.8799408e-03,  1.0882318e-02, -1.2172839e-02],
         [ 1.3959367e-02,  4.1269679e-03, -5.6302696e-03, ...,
           8.7758545e-03, -3.2438899e-03, -3.4345812e-03],
         ...,
         [ 9.1708098e-03, -6.2859273e-03, -1.2609004e-02, ...,
           1.6977531e-03, -9.6289860e-03,  5.1916544e-05],
         [-9.7496519e-03, -2.1479633e-03, -1.9520836e-02, ...,
          -9.5207070e-04,  6.3222921e-03, -1.7897552e-02],
         [ 3.9352821e-03,  4.7744825e-03,  2.0808049e-03, ...,
           9.7545320e-03, -1.2982457e-02,  4.6863281e-03]],

        [[-6.3140173e-03, -2.0006283e-03, -4.0322897e-04, ...,
           7.0220581e-03, -1.3161357e-02, -7.2546205e-03],
         [-7.1486277e-03,  7.5339980e-04,  1.3867128e-03, ...,
          -6.8810834e-03,  4.9706153e-03, -1.2716940e-02],
         [-1.4313880e-03,  7.5597558e-03, -2.7771997e-03, ...,
           3.3415109e-02, -3.9894031e-03, -6.9557610e-03],
         ...,
         [ 4.2238324e-03, -4.8141801e-03, -1.0185721e-02, ...,
          -6.8885856e-04, -1.6479922e-02, -1.7523849e-04],
         [-6.4725848e-03, -3.6925147e-03, -8.9367675e-03, ...,
          -5.6522340e-03, -8.0006220e-04, -1.0039192e-02],
         [ 5.7996372e-03,  3.7618543e-03,  1.6103454e-03, ...,
          -5.3754007e-04, -1.7849701e-02,  5.1220311e-03]],

        [[ 6.7127135e-04, -3.2391129e-03,  7.8760099e-04, ...,
           7.2297198e-03, -5.2612908e-03, -4.2801294e-03],
         [ 5.4616379e-03, -1.8265145e-03,  8.0440696e-03, ...,
          -5.5095245e-04, -1.2544187e-03, -1.7182948e-02],
         [ 4.7172702e-04,  6.6203335e-03, -5.3720833e-03, ...,
           4.0812425e-02, -3.6152611e-03, -5.1507959e-03],
         ...,
         [-1.1449282e-03, -6.4645633e-03, -1.2517356e-02, ...,
          -6.6413991e-03, -1.0809171e-02, -2.6953095e-03],
         [-1.4766367e-02, -5.9053781e-03, -8.8806386e-04, ...,
          -1.0663199e-02, -5.6493361e-03, -4.9214857e-03],
         [ 4.3073772e-03,  3.5157984e-03,  4.7004086e-04, ...,
          -2.4001813e-04, -1.6719183e-02,  4.8483759e-03]]]],
      dtype=float32)>