<tf.Variable 'block4_conv3/kernel:0' shape=(3, 3, 512, 512) dtype=float32, numpy=
array([[[[-4.13556537e-03,  7.47195398e-03, -3.50115891e-03, ...,
           4.89854301e-06, -2.53839465e-03, -5.25326468e-03],
         [-9.53834411e-03,  1.41056092e-03, -1.65442061e-02, ...,
          -1.52774970e-03,  1.11036829e-03, -1.79786165e-03],
         [-3.51967965e-03,  8.38233996e-03,  1.37014373e-03, ...,
          -2.04362301e-03, -3.33098392e-03, -3.59164621e-03],
         ...,
         [-4.51420387e-03, -9.90713015e-03, -7.90119357e-03, ...,
          -2.74181948e-04,  8.04592157e-04, -9.21490043e-03],
         [ 4.13362030e-03,  1.64503278e-03, -1.24853069e-03, ...,
          -4.80085961e-04,  1.43603736e-03, -2.37931171e-03],
         [-9.46063921e-03, -3.02881887e-03, -3.93793161e-04, ...,
          -8.37404653e-03, -8.49721371e-04,  2.19010212e-03]],

        [[-4.10446478e-03, -1.54824147e-03, -5.41875651e-03, ...,
          -2.24129972e-03, -2.28596875e-03, -3.34858289e-03],
         [-4.84787673e-03,  2.47201161e-03, -1.29879676e-02, ...,
           8.18996597e-03, -4.54588607e-03,  9.62644164e-03],
         [-3.10205529e-03,  3.47901974e-03,  2.52036308e-03, ...,
          -5.83003787e-03,  1.09997432e-04, -3.84454383e-03],
         ...,
         [-7.76591944e-03, -1.44146327e-02, -7.61551922e-03, ...,
          -3.92687973e-03, -6.16982626e-03, -5.35330735e-03],
         [ 1.01468374e-03,  1.67173836e-02, -6.25725277e-03, ...,
          -2.52300198e-03, -4.94909706e-03, -9.14588978e-04],
         [-7.97870383e-03, -4.20195796e-03,  1.45270012e-03, ...,
          -1.22739337e-02, -2.10561347e-03,  5.49114076e-03]],

        [[-2.88630649e-03,  2.41750688e-03,  1.50172273e-03, ...,
          -1.28930504e-03, -4.96551802e-04,  2.69375363e-04],
         [ 3.95747193e-05, -1.94887386e-03, -7.08143180e-03, ...,
           1.00128017e-02, -4.74765385e-03,  1.33702094e-02],
         [ 4.38523851e-03,  2.79099098e-03, -4.09206329e-03, ...,
          -2.73540127e-03, -3.12048779e-03, -2.88168900e-03],
         ...,
         [-4.95913485e-03, -1.23296445e-02, -5.42156352e-03, ...,
          -2.32423958e-03, -8.56377464e-03, -7.15223281e-03],
         [-6.16921112e-03,  1.57617237e-02, -4.47978219e-03, ...,
          -2.25248467e-03, -9.93228331e-03, -6.10898901e-03],
         [-4.50641429e-03, -5.51745854e-03, -2.20075878e-03, ...,
          -1.30875418e-02, -3.93497292e-03,  6.03448506e-03]]],


       [[[-4.41893004e-03,  1.37486542e-02, -8.45907908e-03, ...,
          -2.21222895e-03, -2.15952285e-03,  1.23409089e-02],
         [-6.33585500e-03, -4.42368211e-03, -3.91021417e-03, ...,
          -9.76585504e-03,  1.04509713e-02, -1.36236623e-02],
         [-4.40114317e-03,  7.94552453e-03,  2.42980407e-03, ...,
          -5.41694043e-03,  8.71099706e-04, -9.86627582e-03],
         ...,
         [-1.34519069e-02, -1.00430250e-02,  1.51449756e-04, ...,
           1.60089054e-04,  3.75668914e-03, -9.09452140e-03],
         [ 2.45954143e-03,  5.74873528e-03, -4.06519882e-03, ...,
           4.02215123e-03,  7.62883713e-03,  5.94564248e-03],
         [-9.32596903e-03, -1.13636081e-03, -6.24895329e-03, ...,
          -1.08463904e-02,  1.40982226e-03, -7.70578452e-04]],

        [[-5.51303476e-03,  5.81868412e-03, -1.07901720e-02, ...,
          -3.43920151e-03, -7.63218326e-04,  1.36730876e-02],
         [-1.67119992e-03, -3.32675921e-03,  7.43533950e-03, ...,
          -3.50478198e-03,  6.62456639e-03, -4.99307271e-03],
         [-5.86137315e-03,  6.13010547e-04,  8.30108393e-03, ...,
          -9.87416040e-03,  5.06723206e-03, -7.71902688e-03],
         ...,
         [-1.29670175e-02, -1.55268898e-02, -8.49602278e-04, ...,
           6.30461425e-03,  5.32882579e-04, -6.07468095e-03],
         [-1.12099759e-03,  2.91328244e-02, -4.23871959e-03, ...,
           2.93749222e-03,  3.47164372e-04,  8.26061238e-03],
         [-5.98738715e-03, -9.14713892e-04, -3.92263103e-03, ...,
          -1.36881256e-02, -8.12742568e-04,  7.36264093e-03]],

        [[-3.41959228e-03,  4.66367882e-03,  3.37764691e-03, ...,
          -2.56140856e-03, -1.21631820e-04,  1.15059484e-02],
         [ 2.40420690e-04, -3.77301918e-03,  6.58437563e-03, ...,
           9.60138626e-03,  2.05660984e-03,  9.79973841e-03],
         [ 1.32909336e-04,  1.90253675e-04,  6.17130077e-04, ...,
          -8.72793701e-03, -1.45053165e-03, -3.49612208e-03],
         ...,
         [-9.77272261e-03, -1.07788146e-02, -9.54640738e-04, ...,
           6.30754652e-03, -2.78572715e-03, -5.98356128e-03],
         [-1.03954598e-02,  2.61091348e-02, -5.07673249e-03, ...,
          -2.80671171e-03, -5.53699769e-03, -2.10620486e-03],
         [-3.11570894e-03, -3.08538810e-03, -3.10157356e-03, ...,
          -1.59878880e-02, -3.33151151e-03,  1.18652089e-02]]],


       [[[-4.26715612e-03,  8.63417238e-03,  1.76529714e-03, ...,
          -2.84227985e-03, -1.75439665e-04,  2.90537663e-02],
         [-6.29396923e-03, -1.76275475e-03, -6.42163330e-04, ...,
          -1.01052411e-02,  3.43423686e-03, -1.41305421e-02],
         [-3.68094444e-03,  6.39184844e-03,  7.07066664e-03, ...,
          -2.24087667e-03,  8.55041016e-03, -8.31523445e-03],
         ...,
         [-1.18850870e-02, -7.78572122e-03, -4.24755132e-03, ...,
          -1.43992031e-04,  2.01374627e-04, -2.33163615e-03],
         [ 2.30761128e-03, -9.47567285e-04, -1.79581740e-03, ...,
          -4.05802298e-03,  5.83436852e-03,  1.24853859e-02],
         [-7.39294710e-03,  6.41175592e-03, -1.01529667e-02, ...,
          -1.17332852e-02,  1.69780722e-03,  1.15358143e-03]],

        [[-4.61219344e-03, -3.59420269e-03, -8.21814407e-04, ...,
          -4.81084595e-03, -4.44865436e-04,  3.18669118e-02],
         [-1.15395896e-03, -5.12891915e-03,  9.74675361e-03, ...,
          -7.82980397e-03,  7.25134509e-03, -6.98588043e-03],
         [-5.98424906e-03,  1.12204099e-04,  9.43994615e-03, ...,
          -4.51271143e-03,  8.94110464e-03, -8.36270489e-03],
         ...,
         [-1.31882168e-02, -9.57226939e-03, -6.37137098e-03, ...,
           1.04999328e-02, -1.76120212e-03, -3.13745732e-05],
         [ 1.22509198e-03,  1.17349727e-02, -2.26895651e-03, ...,
          -6.69820094e-03,  4.28338209e-03,  1.29151903e-02],
         [-2.21199635e-03,  1.19306184e-02, -3.41698364e-03, ...,
          -1.32360598e-02, -4.97587898e-04,  1.26575744e-02]],

        [[-3.64933652e-03, -4.82958928e-03,  9.14632156e-03, ...,
          -4.02110023e-03, -1.57763090e-04,  1.70223936e-02],
         [ 6.29810616e-04, -2.43360968e-03,  6.34040590e-03, ...,
           3.36989964e-04,  6.95535308e-03,  1.70514290e-03],
         [-3.24976468e-03,  2.30040471e-03,  4.15086048e-03, ...,
          -4.70836135e-03, -1.04901823e-03, -6.13272097e-03],
         ...,
         [-1.13391438e-02, -4.96303104e-03, -2.09907000e-03, ...,
           9.20415949e-03, -3.33326217e-03, -1.52914249e-03],
         [-3.99327371e-03,  1.23460982e-02, -3.62788007e-04, ...,
          -9.96733084e-03, -2.58089555e-03,  4.87980247e-03],
         [-1.03235664e-03,  1.21477433e-03,  4.89632657e-04, ...,
          -1.49842957e-02, -3.02216387e-03,  1.48773128e-02]]]],
      dtype=float32)>