<tf.Variable 'block3_conv2/kernel:0' shape=(3, 3, 256, 256) dtype=float32, numpy=
array([[[[-1.03266295e-02, -2.57659331e-03,  2.39167653e-04, ...,
          -1.18998659e-03, -9.75547917e-03, -2.47324049e-03],
         [-9.87034664e-03, -1.88852882e-03,  2.75667437e-04, ...,
          -9.98693518e-03, -5.98258805e-03,  4.40906314e-03],
         [ 1.61835626e-02, -9.38057806e-03, -6.73405966e-03, ...,
          -2.42401171e-03,  1.09589035e-02,  1.39167206e-02],
         ...,
         [-1.40176648e-02, -3.08811688e-03,  3.41502228e-03, ...,
           5.33248903e-03, -1.70355793e-02, -1.36359241e-02],
         [ 1.74193655e-03, -9.95234400e-03, -4.35903465e-04, ...,
          -2.41840957e-03, -1.68555733e-02,  1.05463974e-02],
         [-4.77309758e-03, -6.66776532e-03,  5.07126655e-03, ...,
          -1.20526762e-03,  3.55557725e-03,  1.17330160e-03]],

        [[-6.64285664e-03, -3.47881275e-03,  2.39190087e-03, ...,
          -7.53906369e-03, -5.72045427e-03, -9.24838521e-03],
         [-2.97287968e-03,  3.34521150e-03, -3.18630366e-03, ...,
          -1.15623679e-02, -7.90791214e-03,  5.92658529e-03],
         [ 2.53777411e-02,  2.53286422e-03,  2.17707790e-02, ...,
           2.15302818e-02,  1.67279467e-02,  2.45583057e-02],
         ...,
         [-7.73527799e-03,  6.76160492e-03, -1.16094667e-03, ...,
           4.41490719e-03, -1.44865643e-02, -1.29020950e-02],
         [ 1.03217484e-02, -7.36614782e-03, -5.86766237e-03, ...,
          -4.04950976e-03, -1.98591519e-02,  1.01560345e-02],
         [-1.55079812e-02,  1.91596281e-02,  2.70862889e-04, ...,
          -6.27748622e-03,  4.34006471e-03,  1.73485430e-04]],

        [[ 4.12674667e-03, -4.57745697e-03,  6.64306013e-03, ...,
          -2.34278967e-03, -9.18853935e-03, -1.25898141e-03],
         [-3.07818851e-03,  7.09499512e-03, -1.60038937e-03, ...,
          -6.78885821e-03, -1.09325945e-02,  7.65817193e-03],
         [ 2.55893916e-02, -1.47064438e-03,  9.20196623e-03, ...,
          -5.94317727e-03,  2.50070821e-03,  6.69544796e-03],
         ...,
         [-9.56582557e-03,  7.91247934e-03, -5.33100963e-03, ...,
           4.76566935e-03, -1.49843339e-02, -6.69805566e-03],
         [ 1.19609423e-02, -3.48291663e-03,  1.67369528e-03, ...,
           8.51548160e-04, -1.82969198e-02,  8.18597153e-03],
         [-1.66008994e-02,  1.42412046e-02, -3.94398719e-03, ...,
          -3.43332323e-03,  2.92040431e-03,  3.60240089e-03]]],


       [[[-1.50715457e-02,  3.58128431e-03,  1.96502986e-03, ...,
           1.93002622e-03,  1.64739266e-02, -1.30437613e-02],
         [-1.05031207e-02, -1.34232629e-03,  8.39629397e-03, ...,
          -6.13174262e-03, -7.77114695e-03, -7.34500634e-03],
         [ 1.59280524e-02, -4.93563304e-04,  2.06456911e-02, ...,
           3.44217420e-02,  2.81744432e-02,  4.31641713e-02],
         ...,
         [-2.63509643e-03, -1.55394357e-02,  1.79553684e-02, ...,
           5.62341791e-03,  7.54640112e-03, -1.32122431e-02],
         [-8.40738416e-03, -1.08226598e-03, -8.15254636e-03, ...,
           7.50581920e-03, -2.10973900e-02,  4.46510874e-03],
         [ 3.56538873e-03, -1.49670860e-03,  3.90027976e-03, ...,
           2.24968046e-03, -1.23405561e-03, -5.28686540e-03]],

        [[-1.69400852e-02,  2.77157854e-02, -1.96665525e-03, ...,
          -1.36413379e-02,  1.78107675e-02, -1.66987181e-02],
         [-7.62252975e-03,  2.68657506e-03,  5.14760846e-03, ...,
          -1.13447458e-02, -9.81413107e-03, -6.15228107e-03],
         [ 2.45921463e-02,  1.22981239e-02,  4.96367253e-02, ...,
           5.45314848e-02,  3.91974635e-02,  5.24803512e-02],
         ...,
         [ 4.61020367e-03, -1.76493190e-02,  1.43087450e-02, ...,
           5.83570963e-03,  8.79333634e-03, -1.14443125e-02],
         [ 6.86999364e-03, -9.89954080e-03, -1.38055198e-02, ...,
           3.88898421e-03, -2.33089775e-02,  5.92778437e-03],
         [-1.12817856e-02,  2.83943769e-02,  8.38675944e-04, ...,
          -4.76626121e-03, -4.87527344e-03, -6.83464762e-03]],

        [[-6.74894638e-03,  4.08497546e-03,  1.99278723e-03, ...,
          -1.32070435e-02,  6.80110930e-03, -1.38106188e-02],
         [-5.74127119e-03,  3.86035186e-03, -2.07123021e-03, ...,
          -1.55830057e-02, -9.33692232e-03, -3.36189335e-03],
         [ 2.10623369e-02,  6.44711405e-03,  3.90940160e-02, ...,
           2.81947572e-02,  2.81029381e-02,  2.58975681e-02],
         ...,
         [ 2.77161086e-03, -9.33946855e-03, -3.96435941e-03, ...,
           3.31284921e-03,  4.68998821e-03, -8.24241433e-03],
         [ 9.93933622e-03, -1.26227587e-02, -5.30784763e-03, ...,
           3.16704577e-03, -2.50813738e-02,  6.99498504e-03],
         [-1.09259533e-02,  2.50802208e-02, -4.98637464e-03, ...,
          -5.42974379e-03, -2.79875263e-03, -1.12388714e-03]]],


       [[[-1.05695715e-02, -6.65004551e-03,  1.14270793e-02, ...,
           1.13982856e-02,  2.48910710e-02, -2.01158524e-02],
         [ 3.46275163e-03,  5.79921063e-03, -1.63540186e-03, ...,
          -6.75595738e-03, -5.29716769e-03, -1.25067402e-02],
         [-4.70241671e-03, -3.87823209e-03,  2.08221911e-03, ...,
           3.55734415e-02,  1.33386767e-02,  4.47410196e-02],
         ...,
         [ 1.49224093e-02, -1.12200771e-02,  1.46477595e-02, ...,
           7.56622152e-03,  3.02859787e-02, -3.93884303e-03],
         [-5.07909758e-03,  1.31783877e-02, -1.02952961e-02, ...,
           7.72063248e-03, -2.13399660e-02,  2.11469270e-03],
         [ 1.11438399e-02, -1.19275544e-02,  3.20557575e-03, ...,
           3.00401030e-03, -1.19526843e-02, -8.13317019e-03]],

        [[-1.70508623e-02,  8.58010631e-03, -1.14486006e-03, ...,
          -5.15660597e-03,  1.45966867e-02, -2.28679758e-02],
         [-3.17657227e-03,  5.48885623e-03, -6.66785199e-05, ...,
          -9.54495370e-03, -5.38741006e-03, -1.21885082e-02],
         [ 1.06314057e-02,  3.72430380e-03,  2.05148254e-02, ...,
           4.78186421e-02,  2.96977889e-02,  5.15434667e-02],
         ...,
         [ 3.04241665e-02, -1.32622952e-02,  8.83379206e-03, ...,
           1.04780542e-03,  2.52286401e-02, -4.45278827e-03],
         [-1.25949143e-03,  3.22387321e-03, -2.05024239e-02, ...,
           5.14487643e-03, -2.70085242e-02,  2.27415795e-03],
         [ 3.74635536e-04,  1.97586371e-03, -2.43942440e-03, ...,
          -5.21882903e-03, -1.60979982e-02, -1.23087317e-02]],

        [[-1.17229745e-02, -4.97850310e-03, -1.49952564e-02, ...,
          -2.01662164e-02, -6.41265698e-03, -1.63828563e-02],
         [-4.89720202e-04,  3.05005093e-03, -2.13698624e-03, ...,
          -1.25116957e-02, -7.37623428e-04, -9.91498586e-03],
         [ 3.77920503e-03,  4.25475789e-03,  4.48718248e-03, ...,
           1.36323832e-02,  2.40158159e-02,  2.37192456e-02],
         ...,
         [ 2.55739931e-02, -8.89623910e-03, -4.37693624e-03, ...,
          -1.07840088e-03,  1.47468811e-02, -7.86467455e-03],
         [-2.09070556e-03, -6.24532858e-03, -2.55214944e-02, ...,
          -1.60773040e-03, -2.46536992e-02,  2.47029914e-03],
         [-9.88541869e-04,  3.25043732e-03, -7.95861613e-03, ...,
          -6.07489794e-03, -1.01532796e-02, -7.52132060e-03]]]],
      dtype=float32)>