<tf.Variable 'block4_conv2/kernel:0' shape=(3, 3, 512, 512) dtype=float32, numpy=
array([[[[ 7.11654220e-03,  7.00819055e-06,  9.24700499e-03, ...,
           4.03929735e-03,  8.05561524e-03, -3.74245713e-03],
         [ 1.12781115e-03,  1.61532906e-03, -9.08267568e-04, ...,
          -7.93790072e-03, -4.59095975e-03, -8.13464867e-04],
         [-4.63789236e-03, -1.18727237e-02,  6.58529717e-03, ...,
           7.42091658e-03, -6.53812988e-03, -2.42086244e-03],
         ...,
         [ 1.28063676e-03,  1.49819313e-03,  7.28668272e-03, ...,
          -5.99841867e-03, -2.01151473e-03, -1.18386478e-03],
         [-4.89709014e-03, -6.26946846e-03, -5.09714335e-03, ...,
           1.26905064e-03,  1.07506765e-02, -2.44210777e-03],
         [ 2.12570513e-03, -3.61318327e-03, -7.26481713e-03, ...,
           3.64817417e-04,  1.50787262e-02,  4.10703570e-03]],

        [[ 6.64269971e-03, -6.01840531e-03,  9.42177977e-03, ...,
           4.53453884e-03,  4.71206789e-04,  3.50896595e-03],
         [-1.24128824e-02,  1.62265194e-03,  2.18410187e-05, ...,
          -9.26828291e-03, -1.32720219e-02,  7.84974638e-03],
         [-2.27750093e-03, -1.37851508e-02,  6.04773080e-03, ...,
           5.82123734e-03, -4.03309939e-03, -3.08526703e-03],
         ...,
         [ 9.42836609e-03, -7.80543603e-04,  1.71435010e-02, ...,
          -7.94082507e-03, -7.73798907e-04,  3.02146119e-03],
         [-3.22291674e-03, -2.85354297e-04, -2.08436535e-03, ...,
          -4.60813055e-03, -5.56954136e-03,  6.86109858e-03],
         [ 9.59297060e-04,  7.38721387e-03, -8.91729910e-03, ...,
          -1.65850704e-03,  7.24582188e-03,  6.19835919e-03]],

        [[ 2.34439736e-03, -9.28215683e-03, -3.19302635e-04, ...,
           8.40835925e-03,  4.12485213e-04,  3.09582963e-03],
         [-1.55776711e-02, -1.08954648e-03, -4.28956561e-03, ...,
          -1.46012632e-02, -1.17095094e-03, -1.09702547e-03],
         [-7.46384822e-03, -6.07428560e-03,  1.01981256e-02, ...,
          -3.00147524e-03,  6.63558196e-04, -6.11750875e-03],
         ...,
         [ 4.24216688e-03,  4.56949836e-03,  8.23827088e-03, ...,
          -5.40188514e-03, -8.07413179e-03,  1.09999124e-02],
         [-7.86238699e-04,  1.90356933e-03,  1.71771063e-03, ...,
          -2.16562231e-03, -1.10405972e-02,  9.30893887e-03],
         [ 6.02629362e-03,  1.86428446e-02, -1.34665128e-02, ...,
          -8.40879139e-03,  7.48337386e-03, -4.10805363e-03]]],


       [[[ 5.44611085e-03, -9.18421778e-04,  9.77920461e-03, ...,
          -1.19165263e-04, -3.40916682e-03, -6.98734634e-03],
         [ 2.51410692e-03,  4.60237265e-03, -2.46173400e-03, ...,
          -5.48852608e-03, -7.09898863e-03,  5.42021822e-03],
         [-9.05828271e-03, -1.00242114e-02,  2.94465595e-03, ...,
           9.01548378e-03,  6.37277029e-04, -2.18915544e-03],
         ...,
         [-3.00789997e-03, -9.66227599e-05,  1.85708259e-03, ...,
          -2.42409506e-03,  2.34206222e-04, -3.27465497e-03],
         [-5.01462910e-03, -3.50114633e-03, -6.08791783e-03, ...,
          -7.96810200e-04,  2.84676291e-02, -1.13302022e-02],
         [-8.52283556e-03, -1.07422760e-02, -2.84677697e-03, ...,
           6.36414066e-03,  1.55793177e-02,  2.62972061e-03]],

        [[ 6.34042593e-03, -5.55177638e-03,  1.12122018e-02, ...,
           3.84862011e-04, -7.39399204e-03, -2.59233406e-03],
         [ 1.83797081e-03,  4.37067216e-03, -2.16640974e-03, ...,
          -9.72099602e-03, -4.33123438e-03,  6.84785657e-03],
         [-2.52128625e-03, -9.25008021e-03,  5.38919820e-03, ...,
           6.01652497e-03,  7.39997532e-03, -3.47864232e-03],
         ...,
         [ 6.54197996e-03, -1.80534972e-03,  6.87478622e-03, ...,
          -2.96625658e-03,  7.19870348e-03, -3.49612092e-03],
         [-1.20014576e-02, -9.55184049e-04,  3.21550784e-03, ...,
          -6.86675077e-03,  3.81029584e-03, -1.35953142e-03],
         [-1.33076878e-02, -5.95784932e-03,  2.00847466e-03, ...,
           3.71311558e-03, -4.85057989e-03,  6.59804884e-03]],

        [[ 2.90424004e-03, -9.89661831e-03,  1.91741413e-03, ...,
           5.65523747e-03, -6.10089628e-03, -2.42118305e-03],
         [-3.49682709e-03,  1.72886357e-04, -5.87909436e-03, ...,
          -1.28070693e-02,  4.43585636e-03,  6.80614915e-03],
         [-1.09087434e-02, -7.73155596e-03,  1.13571603e-02, ...,
          -1.85778399e-03,  4.53320518e-03, -6.28825603e-03],
         ...,
         [ 4.70118131e-03,  1.73194357e-03,  2.63497210e-03, ...,
           2.44574575e-03, -1.33330061e-03, -3.43957436e-06],
         [-8.93086009e-03,  3.52435117e-03,  3.11156409e-03, ...,
          -6.06179424e-03, -1.80058610e-02,  1.25560276e-02],
         [-1.18324636e-02,  8.83054268e-03,  3.15376674e-03, ...,
          -1.96965900e-03, -5.68017829e-03,  7.08003854e-03]]],


       [[[ 8.75416305e-03, -4.36640298e-03,  4.88167582e-03, ...,
           8.39018787e-04, -5.99739561e-03, -1.24212792e-02],
         [ 4.01801849e-03,  3.51571711e-04,  3.97934671e-03, ...,
           1.03333630e-02, -1.19119482e-02,  1.45259704e-02],
         [-1.23062739e-02, -7.49821402e-03, -1.16881379e-03, ...,
           1.00372350e-02,  3.78591637e-03, -3.27527802e-03],
         ...,
         [ 3.92382033e-04, -5.11869090e-03, -5.72134461e-03, ...,
          -5.19906683e-03,  2.44495110e-03, -2.64277123e-03],
         [ 3.15165427e-03,  4.59999545e-03, -4.49594622e-03, ...,
          -7.07745692e-03,  2.20317803e-02, -9.98178683e-03],
         [ 2.48351321e-03, -4.45801299e-03, -1.41727342e-03, ...,
           1.14606246e-02,  2.31800862e-02,  1.90563314e-03]],

        [[ 9.47191007e-03, -3.94198066e-03,  3.83984810e-03, ...,
           2.04855483e-03, -3.98352416e-03, -9.07041319e-03],
         [ 4.09901841e-03, -5.52556419e-04,  9.95470490e-03, ...,
           6.61444664e-03,  1.68336404e-03,  5.98631799e-03],
         [-5.33673773e-03, -3.10067786e-03, -2.68109678e-03, ...,
           6.30002609e-03,  9.23030172e-03, -1.12451822e-03],
         ...,
         [ 3.42691923e-03, -3.57319019e-03, -3.67652508e-03, ...,
          -2.96659744e-03,  2.97217467e-03, -5.51824691e-03],
         [-6.08776370e-03, -3.16021242e-03, -3.34903644e-03, ...,
          -1.02244793e-02,  5.09558059e-03, -7.77694955e-03],
         [-6.22821553e-03, -5.55740483e-03,  1.33099854e-02, ...,
           1.53019335e-02, -1.71303935e-03,  3.84857692e-03]],

        [[ 6.73177093e-03, -7.76051125e-03, -1.60716416e-03, ...,
           3.37521662e-03, -3.43736820e-03, -7.08474452e-03],
         [-1.92464353e-03, -1.43057271e-03,  1.68074947e-03, ...,
           1.18604672e-04,  4.35965555e-03,  5.03915455e-03],
         [-4.46902961e-03, -7.52293598e-03, -3.74621828e-03, ...,
          -2.28520279e-04,  2.16215150e-04, -1.52036909e-03],
         ...,
         [ 4.53559542e-03, -1.34184927e-04, -9.41309205e-04, ...,
           1.11481512e-03, -4.47113672e-03, -4.62406827e-03],
         [ 9.73428891e-04, -9.99093894e-03, -3.64008895e-03, ...,
          -7.60031957e-03, -1.03551112e-02,  3.14689800e-03],
         [-8.02905019e-03,  7.79318798e-04,  2.27084830e-02, ...,
           1.30782668e-02,  1.38504582e-03,  7.73181953e-03]]]],
      dtype=float32)>