<tf.Variable 'block2_conv2/kernel:0' shape=(3, 3, 128, 128) dtype=float32, numpy=
array([[[[-2.30123661e-03, -5.89181297e-03,  3.96523578e-03, ...,
           8.69934738e-04,  4.31257114e-03,  2.39815353e-03],
         [ 6.93455897e-03,  1.77669781e-03,  1.87194608e-02, ...,
          -3.17397565e-02, -4.21442185e-03, -1.76308881e-02],
         [-1.27900802e-02, -6.50780788e-03, -4.10286430e-03, ...,
           2.31482647e-03, -4.67822663e-02, -3.75668402e-03],
         ...,
         [-4.75286070e-04, -2.96283532e-02,  3.03538516e-02, ...,
           1.51648500e-03, -2.71695852e-02, -1.84430566e-03],
         [ 1.41743217e-02, -3.64480889e-04, -2.33754283e-03, ...,
          -2.28237733e-02, -1.60014853e-02,  2.46631019e-02],
         [ 1.18608214e-02, -2.77200472e-02, -2.48606838e-02, ...,
           4.10957001e-02,  5.57063818e-02, -2.19316985e-02]],

        [[-1.38294604e-03, -5.54690696e-03, -1.06138433e-03, ...,
           1.82250992e-03, -3.59015947e-04,  9.99924168e-03],
         [ 6.75601466e-03,  1.10390119e-03,  2.18637586e-02, ...,
          -3.56409214e-02, -2.45026941e-03, -6.04407070e-03],
         [-1.35804852e-02, -8.60609580e-03,  1.28111104e-02, ...,
          -1.01041503e-03, -3.83789763e-02,  1.18479142e-02],
         ...,
         [-3.61973490e-03,  4.19556797e-02,  5.89246452e-02, ...,
           3.10248807e-02, -1.03577944e-02, -2.23138258e-02],
         [ 1.48718422e-02,  1.86822154e-02, -3.46057713e-02, ...,
          -2.32062247e-02, -1.91165209e-02,  8.65985733e-03],
         [-5.93924429e-03,  1.08361673e-02,  2.81376876e-02, ...,
           1.17414417e-02,  8.40279087e-02, -6.45612031e-02]],

        [[-9.91582056e-04,  4.55033936e-04, -9.36682150e-03, ...,
           3.41384741e-03, -5.51316887e-03,  1.24911871e-02],
         [ 1.07221371e-02, -3.19505017e-03,  2.47716717e-02, ...,
          -1.63276494e-02,  8.99969228e-03, -3.90315428e-03],
         [ 4.23295191e-03,  1.27883134e-02,  1.17508639e-02, ...,
          -1.22649251e-02,  2.91934842e-03,  1.42700337e-02],
         ...,
         [ 2.98261386e-03,  4.09221351e-02,  2.68427730e-02, ...,
           9.12894122e-03,  2.94868927e-02, -3.27900308e-03],
         [ 8.43982119e-03, -1.85558088e-02,  1.26812793e-02, ...,
          -9.75666288e-03,  6.52654376e-03, -5.94963925e-03],
         [-3.94721312e-04,  6.81950822e-02,  8.70230980e-03, ...,
           1.19850151e-02,  9.72716659e-02, -2.87150545e-03]]],


       [[[-6.72967779e-03, -6.32101856e-03,  1.24791730e-03, ...,
          -5.51869674e-03,  5.54611022e-03,  2.74169119e-03],
         [-1.90283672e-03,  2.39737774e-03,  7.45097920e-03, ...,
          -6.27250373e-02, -1.16790943e-02,  1.36177419e-02],
         [-2.43349690e-02, -9.58706811e-03,  5.12539688e-03, ...,
           2.03479634e-04, -5.18149063e-02, -1.06236124e-02],
         ...,
         [-8.23690323e-04, -4.52437773e-02,  4.49064933e-02, ...,
          -1.48973670e-02, -3.74213159e-02, -2.50751078e-02],
         [ 1.20533947e-02, -4.14178381e-03, -2.23253462e-02, ...,
          -8.56044441e-02, -2.15003770e-02,  5.37014790e-02],
         [ 1.72066651e-02, -2.44826339e-02, -1.10037383e-02, ...,
           4.80076745e-02,  3.21536772e-02, -2.96083037e-02]],

        [[-4.56147827e-03, -4.65280237e-03, -8.31684005e-03, ...,
          -5.54831931e-03,  1.18862418e-03,  9.64665227e-03],
         [ 2.62077316e-03,  5.77449473e-03,  1.19720455e-02, ...,
          -6.83966503e-02,  1.35026115e-03,  5.91752259e-03],
         [-2.97386330e-02, -3.90352937e-03,  1.28964186e-02, ...,
           6.27378060e-04, -4.46732230e-02,  1.30419582e-02],
         ...,
         [-2.97931256e-03,  7.04262778e-02,  4.67705168e-02, ...,
          -2.63439678e-02, -2.75591165e-02, -3.54478620e-02],
         [ 9.99665074e-03,  1.62281040e-02,  8.01674929e-03, ...,
          -7.52160326e-02, -1.95330698e-02,  7.38804974e-03],
         [ 9.53063485e-04,  5.06784841e-02,  2.04059742e-02, ...,
           4.51842928e-03,  4.47761454e-02, -7.42928088e-02]],

        [[-2.81608710e-03, -3.68988403e-04, -9.52884182e-03, ...,
          -1.62106077e-03, -4.23267297e-03,  1.35960653e-02],
         [ 7.26349046e-03,  3.17442766e-03,  2.06175316e-02, ...,
          -3.99732366e-02,  2.22933367e-02, -7.41374539e-03],
         [-1.37994336e-02,  2.29467135e-02, -6.29038131e-03, ...,
          -5.79428207e-03, -1.50836250e-02,  1.31318215e-02],
         ...,
         [ 2.00410513e-03,  3.91520634e-02, -3.18683162e-02, ...,
          -3.54397879e-03, -8.54784995e-03,  1.36236998e-03],
         [ 5.49011305e-03, -1.51369004e-02,  2.77213678e-02, ...,
          -2.81145964e-02,  9.72870039e-04, -6.28185738e-03],
         [ 7.10674515e-03,  8.02865252e-02,  6.19208254e-03, ...,
           1.03570186e-02,  7.63423666e-02, -7.15952739e-03]]],


       [[[-1.08065400e-02, -7.45501043e-03, -5.10151871e-03, ...,
          -4.49332688e-03,  7.89736584e-03, -3.35464210e-05],
         [-6.12053089e-03, -1.79325249e-02, -1.11700445e-02, ...,
          -4.62095961e-02, -4.28734301e-03,  2.02734675e-03],
         [-2.64673289e-02, -1.31910611e-02,  1.76633168e-02, ...,
          -6.08402630e-03, -3.14402916e-02, -1.81844179e-02],
         ...,
         [ 1.37444083e-02, -2.84396205e-02,  1.88047513e-02, ...,
          -1.93887874e-02, -3.75849679e-02, -2.45505963e-02],
         [ 7.21093081e-03, -1.23673957e-02, -5.60066104e-03, ...,
          -4.09601741e-02, -1.16450675e-02,  3.63268666e-02],
         [ 1.34990485e-02, -1.55054999e-03,  5.54364361e-03, ...,
           3.92058305e-02,  2.16900297e-02, -1.13665536e-02]],

        [[-8.32169224e-03, -6.18967554e-03, -1.13438964e-02, ...,
          -3.40542640e-03,  3.85991205e-03,  7.26305228e-03],
         [-2.55200220e-03, -1.41635584e-02, -3.80055211e-03, ...,
          -5.45916855e-02,  2.17752811e-03, -5.23553835e-03],
         [-3.21345851e-02, -2.83276942e-03, -2.20403913e-03, ...,
          -1.67740230e-02, -3.22663859e-02,  2.23135133e-03],
         ...,
         [ 3.27714277e-03,  8.55310634e-02, -2.84323972e-02, ...,
           2.72681676e-02, -3.39798741e-02, -1.60314962e-02],
         [ 3.99958156e-03,  1.23148263e-02,  3.01949140e-02, ...,
          -5.21975756e-02, -1.14355180e-02, -7.70385157e-07],
         [-1.03606293e-02,  7.14352727e-02,  1.61257926e-02, ...,
          -1.47721104e-04,  9.00403503e-03, -3.94313596e-02]],

        [[-5.75947622e-03,  4.07667161e-04, -5.18753566e-03, ...,
           8.14088504e-04, -4.34151705e-04,  1.14657767e-02],
         [ 4.41048900e-03, -3.57159856e-03,  3.01857502e-03, ...,
          -3.98184508e-02,  1.49278138e-02, -8.20163079e-03],
         [-2.44483184e-02,  2.32945569e-02, -2.34904625e-02, ...,
          -1.79554094e-02, -3.21781076e-02,  1.07798241e-02],
         ...,
         [ 5.12963720e-03,  2.35215593e-02, -3.53378877e-02, ...,
           3.48278917e-02, -2.01826524e-02,  2.35197158e-03],
         [ 3.45730968e-03, -1.26461498e-02,  1.03930170e-02, ...,
          -3.20292413e-02, -6.37839548e-04, -7.48459855e-03],
         [ 3.67492763e-03,  6.75461590e-02,  9.46969260e-03, ...,
           4.72220499e-03,  4.39464301e-02,  6.21765293e-03]]]],
      dtype=float32)>