<tf.Variable 'fc2/kernel:0' shape=(4096, 4096) dtype=float32, numpy=
array([[ 3.9014784e-03, -1.8080651e-03,  1.3615922e-03, ...,
         1.0518912e-03, -5.8323862e-03,  1.5549988e-03],
       [ 5.3532249e-03, -2.3153909e-03, -3.6157474e-03, ...,
        -8.4152538e-04, -1.5586627e-03,  5.2202651e-03],
       [-3.1340534e-03, -8.6071879e-05,  2.8132410e-03, ...,
         2.3308401e-03,  4.5287302e-03, -6.2349276e-03],
       ...,
       [-4.2402726e-03, -4.1440636e-04, -7.8919629e-04, ...,
         6.7993044e-03,  3.3782453e-03,  2.1300779e-03],
       [ 2.7873128e-04,  9.5619177e-03, -6.2027783e-04, ...,
        -2.1619676e-03,  5.9084590e-03,  1.7662607e-03],
       [ 4.9691816e-04,  1.6384347e-03, -9.9276251e-04, ...,
        -4.4977027e-05, -3.5091984e-04,  5.0349059e-03]], dtype=float32)>