<tf.Variable 'predictions/kernel:0' shape=(4096, 1000) dtype=float32, numpy=
array([[ 0.00338803,  0.00504329, -0.0032624 , ..., -0.00584898,
        -0.00315466,  0.01366626],
       [-0.00795877, -0.00110815, -0.00197206, ..., -0.00841791,
        -0.00452075, -0.00463977],
       [ 0.00034271,  0.00696493, -0.00256958, ..., -0.00680142,
         0.00583264,  0.00227   ],
       ...,
       [-0.00166638,  0.01209987, -0.00235068, ...,  0.00220267,
        -0.01347332, -0.01866422],
       [-0.00629507,  0.00078151, -0.0070783 , ...,  0.0162852 ,
        -0.0012129 , -0.00963307],
       [-0.00330952,  0.00706962, -0.01223338, ..., -0.00616068,
        -0.00658735,  0.01427563]], dtype=float32)>